[
  311300,
  327685,
  114688,
  262151,
  98310,
  229391,
  262152,
  311306,
  147469,
  229395,
  262165,
  213014,
  147482,
  131099,
  98331,
  163875,
  245793,
  262182,
  114725,
  294945,
  245796,
  245801,
  294959,
  311339,
  311344,
  213046,
  294963,
  196666,
  327740,
  294974,
  196671,
  213054,
  245822,
  327736,
  327739,
  245820,
  262203,
  16452,
  327746,
  245835,
  327757,
  213066,
  229449,
  245832,
  131151,
  278612,
  262230,
  327767,
  16467,
  163921,
  229462,
  49239,
  196692,
  213083,
  82009,
  213086,
  311396,
  295015,
  213092,
  32873,
  327788,
  278638,
  49260,
  98417,
  245874,
  245872,
  327792,
  295037,
  245881,
  213119,
  213118,
  114817,
  327815,
  196743,
  327808,
  295053,
  180361,
  147596,
  245907,
  311445,
  65682,
  131222,
  180374,
  180375,
  245913,
  295064,
  262297,
  114847,
  295067,
  327841,
  180394,
  98472,
  245929,
  311470,
  213160,
  65708,
  229550,
  180396,
  295082,
  278708,
  311477,
  327863,
  311474,
  82102,
  16571,
  295103,
  65724,
  245949,
  327867,
  16575,
  229571,
  278726,
  98502,
  213194,
  295117,
  65738,
  327886,
  278729,
  229581,
  278731,
  295115,
  311510,
  327889,
  180439,
  82137,
  262364,
  311516,
  245977,
  65756,
  278747,
  32992,
  295137,
  65771,
  229609,
  213231,
  311529,
  98544,
  131315,
  311542,
  327921,
  82167,
  327923,
  213243,
  311551,
  327929,
  82176,
  278789,
  278791,
  311552,
  196870,
  180484,
  246026,
  98571,
  65802,
  327957,
  196887,
  311569,
  16662,
  246042,
  229656,
  98591,
  262438,
  131361,
  262433,
  295201,
  311597,
  311598,
  327983,
  180521,
  327976,
  327979,
  213303,
  213301,
  180533,
  295219,
  65849,
  180539,
  229688,
  295231,
  246079,
  213315,
  65859,
  262470,
  328000,
  311618,
  213317,
  328013,
  246089,
  311624,
  213326,
  213324,
  311627,
  229712,
  278864,
  246103,
  180564,
  196949,
  229717,
  311644,
  115034,
  213343,
  98656,
  278887,
  295265,
  328032,
  246117,
  311651,
  328044,
  213353,
  262505,
  180588,
  295275,
  328042,
  295287,
  131447,
  98682,
  229759,
  82305,
  49539,
  16773,
  328085,
  147859,
  295319,
  328081,
  262545,
  164247,
  213397,
  328083,
  131483,
  328094,
  82333,
  328091,
  16799,
  328100,
  164256,
  295335,
  16804,
  229806,
  16816,
  180659,
  311733,
  246193,
  262582,
  328118,
  213429,
  16823,
  197050,
  262589,
  278973,
  328127,
  131519,
  328120,
  246205,
  246204,
  311748,
  328132,
  278976,
  262593,
  213450,
  229833,
  180686,
  213453,
  197068,
  213452,
  115153,
  278998,
  49620,
  278992,
  180695,
  278993,
  49622,
  147924,
  98774,
  328159,
  328154,
  16868,
  246246,
  328163,
  131561,
  115181,
  213487,
  246254,
  328171,
  49648,
  246256,
  311799,
  49653,
  164343,
  98806,
  229887,
  262656,
  328192,
  180743,
  279042,
  311811,
  213515,
  229898,
  82447,
  246285,
  295434,
  147987,
  262677,
  229909,
  279058,
  295443,
  311836,
  213533,
  147996,
  311845,
  279078,
  328227,
  16937,
  49705,
  131627,
  311848,
  82479,
  279082,
  295466,
  311850,
  279083,
  295473,
  328255,
  66109,
  246336,
  328257,
  229957,
  246340,
  295501,
  262729,
  295497,
  328278,
  82517,
  279121,
  279122,
  115290,
  328286,
  279129,
  213603,
  66144,
  328288,
  328290,
  17000,
  131690,
  328319,
  213624,
  230013,
  328314,
  230019,
  33408,
  49792,
  246400,
  311939,
  295561,
  197260,
  246416,
  295568,
  328337,
  66196,
  262802,
  230043,
  311965,
  17051,
  328350,
  328345,
  230044,
  328359,
  17059,
  677,
  279201,
  33452,
  197295,
  295593,
  279210,
  295606,
  82611,
  213680,
  279230,
  262840,
  213692,
  17088,
  82625,
  197313,
  328384,
  230089,
  180942,
  66252,
  131795,
  312018,
  148187,
  49884,
  164575,
  279268,
  328423,
  17123,
  115426,
  328417,
  312033,
  312035,
  262883,
  197355,
  197354,
  131817,
  99053,
  295656,
  230130,
  312053,
  164598,
  99064,
  312063,
  246527,
  49923,
  295687,
  279296,
  312067,
  312077,
  230153,
  131854,
  181004,
  66319,
  148236,
  328469,
  295701,
  49942,
  246548,
  295709,
  246552,
  279320,
  148256,
  230177,
  295718,
  279329,
  99113,
  230185,
  295726,
  99119,
  328491,
  295734,
  17204,
  230200,
  246588,
  295739,
  246593,
  262982,
  148298,
  99147,
  328520,
  328533,
  328534,
  328531,
  82776,
  131934,
  213853,
  263002,
  279396,
  263013,
  230241,
  312162,
  263020,
  246633,
  230248,
  279400,
  279403,
  82811,
  328569,
  197500,
  131969,
  164742,
  279424,
  33671,
  328589,
  295821,
  230280,
  17291,
  17300,
  230295,
  312208,
  312222,
  328607,
  17309,
  50078,
  312229,
  230304,
  82857,
  230314,
  312237,
  66475,
  82861,
  295848,
  17325,
  263083,
  33712,
  328629,
  50097,
  50101,
  115636,
  82873,
  328638,
  230335,
  82876,
  181183,
  17342,
  312260,
  17346,
  17348,
  148422,
  197574,
  246725,
  328643,
  82889,
  279500,
  213962,
  230350,
  328648,
  213965,
  295882,
  17360,
  181207,
  246746,
  115681,
  246759,
  17383,
  328680,
  312299,
  312308,
  279542,
  66558,
  82945,
  279559,
  197642,
  263181,
  328718,
  328713,
  312329,
  50192,
  328720,
  246805,
  328723,
  214036,
  230420,
  328732,
  230430,
  66593,
  328741,
  197666,
  246822,
  82983,
  197675,
  50217,
  295982,
  328744,
  328747,
  328752,
  263229,
  312383,
  132159,
  279610,
  328763,
  66624,
  230466,
  50242,
  312391,
  246858,
  214089,
  312399,
  246860,
  230486,
  17494,
  83030,
  279635,
  263261,
  214105,
  263257,
  328795,
  148579,
  50274,
  181351,
  328800,
  263267,
  214121,
  17515,
  50283,
  99434,
  328814,
  83054,
  197744,
  296048,
  197750,
  296051,
  132218,
  296061,
  197757,
  197756,
  246913,
  50307,
  312455,
  328838,
  296066,
  246920,
  230543,
  312456,
  132239,
  263306,
  312459,
  312464,
  99479,
  328851,
  197784,
  246936,
  132254,
  296089,
  17570,
  279718,
  263335,
  214181,
  83114,
  214191,
  279720,
  66736,
  197808,
  17587,
  66740,
  296113,
  132283,
  99517,
  66748,
  296122,
  17599,
  296128,
  214214,
  296139,
  296149,
  230608,
  296144,
  296152,
  17632,
  296164,
  328932,
  214241,
  66789,
  296160,
  263393,
  296161,
  99567,
  263402,
  66800,
  197874,
  50419,
  214260,
  148731,
  214265,
  230648,
  214271,
  296185,
  197884,
  181505,
  312583,
  296192,
  279810,
  230660,
  17673,
  312590,
  328974,
  99596,
  66831,
  230668,
  214290,
  296215,
  279824,
  328991,
  116000,
  214306,
  247073,
  181543,
  247076,
  279854,
  329007,
  181545,
  230701,
  263466,
  329003,
  17716,
  312625,
  329008,
  50486,
  197941,
  34105,
  34107,
  214335,
  181570,
  197954,
  296261,
  329030,
  165190,
  329024,
  99654,
  329026,
  214344,
  214350,
  247118,
  17745,
  34129,
  312656,
  312657,
  214363,
  279902,
  181593,
  329049,
  230751,
  263525,
  279909,
  329060,
  312678,
  329062,
  181605,
  329069,
  312685,
  17770,
  329071,
  247155,
  17777,
  50545,
  312694,
  214384,
  279927,
  329072,
  83321,
  214397,
  17791,
  66944,
  17798,
  279949,
  165257,
  329102,
  329096,
  329111,
  329106,
  116121,
  312733,
  296345,
  83362,
  230816,
  247211,
  279980,
  132520,
  214441,
  312751,
  312746,
  116142,
  296373,
  116151,
  198080,
  67010,
  165317,
  263628,
  263631,
  329161,
  312777,
  329160,
  198093,
  17873,
  99795,
  329175,
  312787,
  329170,
  312797,
  214494,
  67038,
  83427,
  17892,
  329185,
  296430,
  263656,
  181743,
  214515,
  280055,
  247280,
  296432,
  116216,
  280061,
  296445,
  280056,
  214525,
  329211,
  280066,
  247307,
  247306,
  17930,
  214537,
  214542,
  280073,
  99854,
  312854,
  34325,
  214550,
  116249,
  230939,
  280092,
  116248,
  230938,
  329247,
  329241,
  263705,
  34335,
  296484,
  247328,
  214567,
  312864,
  329250,
  312877,
  280110,
  280107,
  296510,
  312894,
  149054,
  329273,
  67132,
  198205,
  280122,
  329275,
  296519,
  312896,
  83527,
  329293,
  280149,
  280151,
  296535,
  231002,
  214617,
  181858,
  247393,
  280167,
  329313,
  263779,
  198251,
  231018,
  149102,
  280168,
  165487,
  312948,
  214640,
  214646,
  280178,
  296562,
  247422,
  214653,
  329339,
  312964,
  181888,
  231047,
  99975,
  165514,
  247435,
  312975,
  329355,
  50837,
  296593,
  280211,
  34455,
  312990,
  312984,
  231068,
  231075,
  198306,
  329380,
  329383,
  50851,
  329382,
  18084,
  280227,
  329378,
  214698,
  50860,
  313000,
  165548,
  329386,
  214707,
  116403,
  231089,
  181943,
  83639,
  247482,
  247484,
  313019,
  329413,
  34497,
  313030,
  329415,
  263872,
  313024,
  329409,
  329411,
  313037,
  296648,
  83665,
  247507,
  100052,
  100055,
  280274,
  329439,
  214751,
  296678,
  181984,
  231137,
  247527,
  296673,
  198372,
  214756,
  247524,
  296680,
  296682,
  263915,
  50928,
  247539,
  329461,
  329462,
  50934,
  313075,
  280316,
  214784,
  231179,
  231178,
  329484,
  247560,
  100109,
  263944,
  329483,
  313098,
  100110,
  313105,
  263954,
  313116,
  50971,
  280344,
  280347,
  214819,
  296741,
  165670,
  296736,
  313123,
  296749,
  280367,
  296744,
  247596,
  313142,
  231222,
  116535,
  313138,
  329535,
  313145,
  313147,
  329540,
  214854,
  51016,
  231243,
  280396,
  214858,
  296776,
  329556,
  149328,
  214864,
  132950,
  34648,
  247642,
  214879,
  329569,
  264033,
  296802,
  67430,
  67433,
  198507,
  264046,
  296810,
  67440,
  100210,
  280432,
  296818,
  313213,
  247674,
  264069,
  296846,
  198542,
  280469,
  34706,
  313235,
  247707,
  280473,
  214940,
  280484,
  280481,
  329632,
  133035,
  231337,
  296879,
  329646,
  51119,
  313259,
  313270,
  34739,
  264119,
  83893,
  165819,
  264126,
  83898,
  100285,
  313275,
  247744,
  296896,
  264130,
  165834,
  34761,
  214986,
  34768,
  264150,
  313303,
  329680,
  198613,
  247765,
  165845,
  133084,
  215011,
  247778,
  313312,
  280546,
  116712,
  215016,
  296937,
  296948,
  280565,
  264182,
  313335,
  280560,
  247796,
  116726,
  264188,
  313338,
  18440,
  18442,
  329736,
  100371,
  329751,
  329744,
  280594,
  133144,
  296984,
  329765,
  84002,
  247846,
  247844,
  100393,
  280617,
  313398,
  100405,
  313393,
  215092,
  231483,
  313404,
  198713,
  247865,
  18492,
  313400,
  133183,
  34883,
  264263,
  247883,
  84043,
  67663,
  264266,
  280650,
  297044,
  149590,
  280659,
  313437,
  67677,
  231517,
  264282,
  100451,
  264300,
  215145,
  313450,
  133232,
  18550,
  67703,
  297074,
  264307,
  215163,
  329852,
  231551,
  231555,
  198787,
  329863,
  313473,
  51337,
  67720,
  215176,
  231570,
  247953,
  18583,
  297107,
  264350,
  313503,
  329881,
  100511,
  313508,
  182432,
  297127,
  247974,
  329891,
  34987,
  280751,
  247983,
  51374,
  67763,
  116915,
  231601,
  247984,
  231609,
  264383,
  329913,
  100543,
  280775,
  264396,
  329932,
  51402,
  313550,
  198867,
  182483,
  313554,
  313564,
  100571,
  100570,
  100575,
  248035,
  215266,
  51426,
  248037,
  329954,
  329967,
  231663,
  35054,
  329973,
  133363,
  329974,
  264435,
  18683,
  231679,
  280827,
  18692,
  313620,
  231698,
  117011,
  133392,
  215313,
  280854,
  231703,
  231700,
  198938,
  215322,
  297245,
  330015,
  100636,
  280857,
  313632,
  264481,
  166186,
  149800,
  297262,
  215343,
  330027,
  330026,
  166189,
  117041,
  182579,
  330040,
  313659,
  313664,
  297281,
  51528,
  67914,
  182607,
  330056,
  248140,
  117075,
  166224,
  182608,
  35155,
  330070,
  18774,
  51543,
  297308,
  231779,
  215393,
  280943,
  313704,
  133487,
  117102,
  231795,
  297332,
  199025,
  231797,
  330105,
  215422,
  18814,
  215421,
  231804,
  231808,
  100740,
  297345,
  231819,
  264588,
  280975,
  231823,
  18830,
  313738,
  84366,
  18835,
  297360,
  330131,
  248212,
  330137,
  18845,
  215454,
  166300,
  313767,
  18854,
  330157,
  149935,
  199085,
  248242,
  100787,
  313782,
  18867,
  215478,
  313778,
  330162,
  281021,
  264637,
  100796,
  199100,
  248259,
  330176,
  330179,
  231882,
  330191,
  35276,
  215500,
  330196,
  297429,
  68051,
  215504,
  281040,
  313809,
  264659,
  330203,
  313819,
  182753,
  133606,
  182758,
  199143,
  330209,
  166372,
  231909,
  215535,
  35309,
  248302,
  231917,
  84464,
  18930,
  182774,
  18933,
  281074,
  313843,
  281084,
  51717,
  330243,
  199172,
  150027,
  231945,
  117258,
  330254,
  150029,
  199180,
  281108,
  281111,
  51732,
  297491,
  281107,
  248353,
  313894,
  117291,
  264745,
  100908,
  330280,
  68145,
  231986,
  248370,
  297526,
  166452,
  264766,
  199225,
  182841,
  231992,
  281144,
  313913,
  330298,
  330309,
  100928,
  313925,
  297537,
  166469,
  68168,
  215624,
  166473,
  264776,
  313928,
  330313,
  182860,
  297546,
  281173,
  215633,
  51802,
  330329,
  281179,
  215650,
  297568,
  313953,
  35431,
  281197,
  232041,
  19052,
  232046,
  248433,
  19062,
  68216,
  19066,
  281223,
  215685,
  297603,
  19083,
  117389,
  281225,
  68238,
  84627,
  182929,
  297623,
  314000,
  248470,
  314002,
  117400,
  330396,
  264862,
  19102,
  68254,
  248483,
  264868,
  297637,
  314022,
  314017,
  281258,
  215730,
  84656,
  281269,
  117427,
  84664,
  314040,
  150207,
  330427,
  51907,
  133828,
  281283,
  248523,
  19144,
  199371,
  150216,
  166601,
  264907,
  248531,
  133843,
  199377,
  248533,
  232155,
  330461,
  248537,
  19163,
  215768,
  35547,
  281316,
  101090,
  314087,
  19176,
  281324,
  215786,
  281327,
  133875,
  166641,
  150262,
  330480,
  215797,
  248571,
  248570,
  314111,
  297721,
  215811,
  35587,
  19204,
  264960,
  215819,
  133899,
  248591,
  35597,
  232204,
  35603,
  297744,
  117524,
  264978,
  183061,
  199448,
  215838,
  19230,
  150306,
  215847,
  52007,
  232233,
  248617,
  281390,
  199473,
  232241,
  35635,
  314172,
  232253,
  314170,
  150332,
  314171,
  52031,
  19266,
  117572,
  183112,
  248649,
  265038,
  330574,
  215886,
  101199,
  199507,
  150352,
  215888,
  248656,
  297815,
  183126,
  232281,
  297822,
  330590,
  248664,
  150366,
  232287,
  232284,
  215906,
  19300,
  35684,
  84841,
  215914,
  84842,
  265071,
  281455,
  133999,
  84846,
  150381,
  232305,
  330615,
  265073,
  117623,
  297842,
  330620,
  297854,
  330616,
  215933,
  265092,
  35714,
  281479,
  19335,
  117638,
  314243,
  52109,
  232332,
  330641,
  215958,
  330643,
  281490,
  232345,
  183193,
  281511,
  134054,
  248741,
  84905,
  52140,
  330664,
  68526,
  248759,
  68532,
  330675,
  248760,
  101309,
  215996,
  281540,
  199618,
  265159,
  281536,
  265155,
  297923,
  330690,
  314319,
  216015,
  101324,
  314313,
  232397,
  52178,
  314326,
  183249,
  265175,
  330707,
  330706,
  281564,
  297949,
  330716,
  52186,
  232409,
  232414,
  297946,
  314348,
  183272,
  216040,
  281576,
  248813,
  265206,
  265200,
  330736,
  248821,
  330748,
  330751,
  248824,
  150526,
  84988,
  19455,
  101377,
  216066,
  199681,
  330759,
  281607,
  134148,
  248841,
  265226,
  248851,
  281618,
  248856,
  314399,
  281624,
  117791,
  19488,
  248866,
  314407,
  199719,
  216103,
  199718,
  216102,
  52264,
  330797,
  166955,
  52266,
  330795,
  232492,
  117808,
  314421,
  150582,
  281649,
  232501,
  52279,
  232506,
  216120,
  265275,
  281669,
  232512,
  232518,
  248900,
  68680,
  248906,
  314447,
  248911,
  232525,
  232529,
  232528,
  199766,
  150612,
  167003,
  281693,
  150623,
  330853,
  314469,
  150625,
  265327,
  85101,
  248947,
  68722,
  85110,
  330876,
  183416,
  314501,
  298112,
  117898,
  183439,
  216206,
  167059,
  330903,
  265362,
  314524,
  314525,
  216223,
  281752,
  314520,
  19613,
  330904,
  85150,
  117921,
  248995,
  199842,
  314533,
  265383,
  330912,
  167082,
  216242,
  265397,
  167088,
  330941,
  183480,
  330942,
  19648,
  101569,
  330949,
  36033,
  314565,
  36035,
  199879,
  183495,
  216262,
  134340,
  101577,
  249035,
  314573,
  265416,
  85196,
  330955,
  150733,
  330963,
  265435,
  216291,
  249059,
  183526,
  134373,
  249060,
  199914,
  330988,
  183528,
  85226,
  52463,
  314603,
  249074,
  298231,
  265468,
  232702,
  265467,
  101632,
  232706,
  314629,
  216320,
  314624,
  101641,
  216331,
  199955,
  85264,
  281878,
  331030,
  331027,
  331039,
  167199,
  314651,
  314661,
  216353,
  232737,
  216359,
  265504,
  85287,
  232741,
  36137,
  281903,
  314667,
  19760,
  249137,
  101683,
  314679,
  134452,
  249140,
  265533,
  314682,
  265537,
  298316,
  331084,
  314696,
  101708,
  232781,
  249169,
  331095,
  68946,
  314704,
  281937,
  19801,
  85336,
  281951,
  19807,
  249187,
  134499,
  167267,
  36196,
  298348,
  52585,
  118123,
  134504,
  167282,
  331125,
  265589,
  68979,
  68978,
  298364,
  232830,
  134525,
  265595,
  331142,
  200069,
  118150,
  249226,
  216456,
  298383,
  314760,
  281993,
  85391,
  249228,
  200080,
  314768,
  331153,
  265618,
  298386,
  216478,
  118175,
  216477,
  200103,
  298408,
  331177,
  249262,
  183728,
  101813,
  249271,
  298416,
  216501,
  200116,
  232890,
  331193,
  314808,
  118206,
  232892,
  249283,
  282054,
  314822,
  331206,
  331200,
  282060,
  36298,
  150990,
  298441,
  232908,
  265684,
  232912,
  183767,
  331218,
  314844,
  249305,
  19932,
  265688,
  200160,
  282081,
  282092,
  232937,
  314863,
  134638,
  331243,
  265707,
  331255,
  101877,
  249335,
  331250,
  101885,
  19965,
  36349,
  19967,
  85502,
  216572,
  101889,
  314886,
  36355,
  232970,
  282126,
  183822,
  85519,
  282122,
  200210,
  265744,
  314896,
  314899,
  167445,
  298525,
  314910,
  331295,
  167453,
  134690,
  314917,
  183840,
  232992,
  249381,
  85545,
  298542,
  331310,
  265769,
  331304,
  331319,
  151095,
  233014,
  249398,
  20028,
  200257,
  134721,
  200264,
  20053,
  183895,
  282195,
  314963,
  200283,
  183896,
  233055,
  101980,
  298585,
  69214,
  233052,
  298587,
  265830,
  85602,
  331360,
  314989,
  265839,
  314987,
  298612,
  314996,
  200306,
  151153,
  331382,
  265841,
  265852,
  315007,
  167551,
  216707,
  315013,
  249478,
  200329,
  249481,
  282248,
  200333,
  265867,
  331412,
  331415,
  167573,
  216724,
  249499,
  282270,
  315038,
  102045,
  151202,
  265889,
  298659,
  249515,
  233129,
  233139,
  315056,
  183991,
  69303,
  216761,
  282302,
  233151,
  216765,
  216764,
  167613,
  265915,
  315072,
  167623,
  200389,
  282306,
  216783,
  216782,
  298699,
  85713,
  216787,
  249555,
  331477,
  52947,
  233172,
  282323,
  85725,
  331480,
  298714,
  102113,
  233185,
  282342,
  134887,
  315105,
  249577,
  265960,
  315113,
  216812,
  331498,
  233203,
  36593,
  315120,
  151285,
  52985,
  315135,
  249599,
  233214,
  331514,
  249602,
  298752,
  20230,
  216841,
  282383,
  216849,
  200471,
  331537,
  53012,
  233237,
  249620,
  69403,
  233247,
  167708,
  167709,
  20258,
  184102,
  249638,
  200485,
  249641,
  20267,
  36656,
  200496,
  249648,
  102197,
  102196,
  331568,
  167732,
  266034,
  331571,
  249652,
  233282,
  216902,
  167748,
  233291,
  216907,
  36681,
  282446,
  216911,
  266058,
  233296,
  266076,
  282461,
  102235,
  298840,
  216925,
  331616,
  167781,
  266093,
  315240,
  315241,
  298859,
  266100,
  249713,
  36723,
  233338,
  266109,
  200575,
  20349,
  249726,
  200572,
  233340,
  331653,
  282497,
  200581,
  36742,
  331661,
  184204,
  216973,
  233357,
  216979,
  233363,
  331669,
  331668,
  36763,
  216984,
  266137,
  315289,
  36767,
  282523,
  298912,
  135079,
  266146,
  167844,
  249769,
  282543,
  151470,
  217010,
  249783,
  249782,
  200634,
  20411,
  20415,
  282566,
  315330,
  331725,
  20426,
  217039,
  217038,
  331735,
  298967,
  331731,
  266207,
  249823,
  167903,
  249831,
  315362,
  167917,
  298987,
  331764,
  331773,
  282616,
  233470,
  233475,
  151555,
  299013,
  151553,
  299015,
  299008,
  151559,
  282626,
  217098,
  315400,
  315415,
  249876,
  331807,
  331806,
  36901,
  315427,
  184363,
  249898,
  200745,
  118826,
  20528,
  184370,
  36912,
  266292,
  86066,
  184374,
  282673,
  331827,
  331826,
  282684,
  299069,
  315454,
  69690,
  282681,
  266298,
  315450,
  118848,
  299077,
  200769,
  217158,
  233547,
  331852,
  282702,
  315471,
  282698,
  200780,
  102481,
  151632,
  331856,
  266322,
  315485,
  135256,
  233560,
  184422,
  168037,
  233572,
  69737,
  282733,
  135273,
  282728,
  315498,
  282740,
  315508,
  315511,
  299121,
  36982,
  315506,
  331891,
  118904,
  249978,
  69759,
  315524,
  151683,
  299139,
  249995,
  266381,
  233614,
  217229,
  331925,
  217233,
  331921,
  135319,
  282781,
  315549,
  299167,
  299161,
  69793,
  331940,
  331942,
  266409,
  37039,
  217265,
  200881,
  282806,
  151734,
  331953,
  20662,
  233652,
  250041,
  266430,
  86202,
  217272,
  102589,
  184508,
  217277,
  233660,
  315590,
  282816,
  331969,
  299202,
  86214,
  102603,
  20684,
  299208,
  282836,
  299220,
  282837,
  282834,
  217300,
  151770,
  250075,
  331996,
  233694,
  315610,
  151777,
  282851,
  233707,
  217322,
  299245,
  102634,
  299247,
  69869,
  282857,
  69877,
  332024,
  250108,
  135430,
  217350,
  233734,
  315649,
  299267,
  233739,
  266510,
  217356,
  200978,
  200977,
  184598,
  233751,
  151829,
  53528,
  250138,
  266526,
  184601,
  315674,
  299300,
  332069,
  217376,
  217380,
  299299,
  233775,
  299304,
  233776,
  332086,
  332082,
  20793,
  250174,
  217411,
  332101,
  233794,
  299333,
  201025,
  201032,
  250191,
  332117,
  315730,
  233817,
  299352,
  201054,
  217438,
  201058,
  315751,
  217447,
  315744,
  250214,
  332130,
  250219,
  250223,
  266602,
  332138,
  282996,
  233846,
  266620,
  217471,
  102783,
  283003,
  135553,
  135562,
  283022,
  315796,
  250257,
  283031,
  151959,
  102809,
  151962,
  332189,
  233882,
  233887,
  233889,
  102821,
  250279,
  266657,
  315810,
  217515,
  233906,
  266678,
  283063,
  315831,
  233910,
  217524,
  135610,
  250299,
  299452,
  332221,
  37307,
  233917,
  283066,
  266683,
  201153,
  315846,
  315841,
  217547,
  135627,
  70091,
  217545,
  283086,
  299471,
  184782,
  70092,
  86479,
  299467,
  217554,
  201169,
  250321,
  315862,
  217556,
  217563,
  20954,
  119259,
  315865,
  283099,
  315876,
  20962,
  135648,
  332263,
  332257,
  217578,
  299501,
  102891,
  168425,
  299497,
  332279,
  53747,
  20988,
  250364,
  332282,
  250375,
  283138,
  102918,
  283139,
  299532,
  217609,
  315912,
  250380,
  86544,
  315925,
  184848,
  21018,
  53787,
  102949,
  37427,
  234037,
  119352,
  250435,
  217669,
  315980,
  250444,
  168528,
  217681,
  315998,
  217694,
  316004,
  332389,
  152162,
  37473,
  250465,
  250464,
  266848,
  299619,
  332386,
  21098,
  201321,
  250479,
  201326,
  217709,
  283242,
  266868,
  283252,
  103027,
  266870,
  316022,
  234102,
  316018,
  234100,
  86649,
  250491,
  135802,
  184952,
  299643,
  332423,
  152198,
  332416,
  250500,
  152202,
  266892,
  316044,
  217736,
  250504,
  283279,
  250511,
  299656,
  184972,
  21139,
  234128,
  201369,
  168605,
  316059,
  316071,
  250539,
  250538,
  332463,
  250543,
  250547,
  119472,
  53939,
  316093,
  266936,
  250560,
  135878,
  217797,
  250565,
  332493,
  185036,
  250582,
  201428,
  217823,
  299736,
  201438,
  86757,
  250597,
  332514,
  86760,
  185070,
  70380,
  119532,
  21236,
  332529,
  250613,
  250616,
  316159,
  21244,
  316164,
  250627,
  283396,
  86786,
  332544,
  316172,
  152331,
  332558,
  217864,
  37646,
  86803,
  316183,
  332561,
  316189,
  185112,
  267039,
  316184,
  217884,
  234273,
  21284,
  234282,
  37674,
  168751,
  299817,
  299828,
  217907,
  316212,
  234295,
  267056,
  283440,
  267058,
  250676,
  283452,
  332605,
  267071,
  332600,
  185149,
  201537,
  250689,
  185153,
  250688,
  283459,
  283471,
  332630,
  136022,
  267088,
  283474,
  283475,
  168792,
  119642,
  283487,
  332638,
  37724,
  332635,
  267099,
  70497,
  267109,
  21346,
  283488,
  316257,
  103271,
  103273,
  250730,
  103275,
  316265,
  250733,
  185197,
  152429,
  332663,
  217969,
  267127,
  250747,
  299900,
  332670,
  217982,
  332676,
  332681,
  37773,
  299914,
  332683,
  201612,
  283542,
  299927,
  332689,
  201622,
  283538,
  316306,
  21400,
  152474,
  332701,
  234392,
  119709,
  316315,
  54176,
  299941,
  283564,
  299948,
  332717,
  316340,
  283575,
  250811,
  234426,
  250810,
  250808,
  70589,
  218051,
  316357,
  332737,
  54214,
  316354,
  299980,
  316365,
  250824,
  332745,
  218062,
  218065,
  54234,
  21467,
  234463,
  332774,
  218087,
  250855,
  201701,
  332783,
  201708,
  267253,
  103412,
  54263,
  119798,
  250878,
  37888,
  250881,
  70665,
  332813,
  168974,
  283658,
  218131,
  218128,
  103445,
  316432,
  250902,
  136212,
  300051,
  87064,
  21530,
  185369,
  267295,
  332825,
  250915,
  332837,
  250918,
  283682,
  267299,
  283692,
  316461,
  119852,
  250926,
  218160,
  300087,
  136246,
  300081,
  316477,
  267325,
  136248,
  234552,
  300088,
  218174,
  332856,
  218173,
  21568,
  300101,
  169024,
  234567,
  283713,
  70726,
  316492,
  119889,
  300116,
  234587,
  283740,
  283741,
  234590,
  87134,
  218204,
  332890,
  316516,
  300133,
  21608,
  119914,
  37997,
  218222,
  283764,
  234610,
  250994,
  169072,
  316529,
  218229,
  283772,
  251001,
  152702,
  332920,
  185469,
  332934,
  201862,
  234633,
  283791,
  218248,
  332937,
  169101,
  332948,
  316566,
  103571,
  119957,
  136347,
  251034,
  251033,
  300190,
  251032,
  267426,
  267436,
  316590,
  332971,
  332981,
  136368,
  283839,
  218303,
  103612,
  234686,
  136385,
  316608,
  103620,
  234694,
  120007,
  234696,
  120013,
  251091,
  283860,
  201938,
  218320,
  251094,
  120023,
  267474,
  185557,
  21720,
  218331,
  70875,
  333016,
  87268,
  316643,
  103657,
  234730,
  333036,
  316649,
  267499,
  234739,
  267508,
  201968,
  251124,
  103672,
  201978,
  251134,
  333048,
  54532,
  169222,
  152839,
  218374,
  300289,
  21766,
  70920,
  267528,
  234765,
  136461,
  316689,
  54551,
  218394,
  234783,
  218404,
  202026,
  300333,
  185640,
  169262,
  333096,
  202029,
  218413,
  251186,
  267575,
  234811,
  218425,
  21822,
  333115,
  283962,
  333124,
  21826,
  267590,
  120132,
  38215,
  316739,
  316750,
  283982,
  21835,
  283983,
  300367,
  185686,
  202071,
  87380,
  136535,
  333149,
  316766,
  251230,
  267620,
  120167,
  87399,
  333155,
  202084,
  202091,
  333165,
  251244,
  38258,
  202097,
  169334,
  316786,
  120184,
  316797,
  218489,
  251257,
  284036,
  300417,
  185738,
  333199,
  300427,
  251281,
  316818,
  300445,
  5530,
  316830,
  38301,
  300454,
  333223,
  284064,
  21930,
  267689,
  153011,
  218550,
  234934,
  300466,
  333235,
  234932,
  234937,
  234942,
  316857,
  333242,
  21955,
  103874,
  267719,
  300482,
  153034,
  333260,
  300495,
  202194,
  284112,
  38357,
  103895,
  234970,
  284121,
  169436,
  316891,
  202211,
  153056,
  202209,
  267751,
  316903,
  300519,
  316896,
  333283,
  251371,
  234986,
  300527,
  267752,
  316906,
  333296,
  153076,
  120321,
  235010,
  54786,
  136705,
  251399,
  300546,
  153093,
  300547,
  87562,
  284175,
  300564,
  267797,
  284176,
  22042,
  316953,
  333336,
  71199,
  251426,
  22051,
  300577,
  316961,
  218660,
  300589,
  316968,
  5676,
  136750,
  267819,
  300597,
  333367,
  87602,
  333360,
  316978,
  87606,
  284211,
  300595,
  38456,
  71227,
  251449,
  267838,
  71226,
  316991,
  169535,
  104001,
  284231,
  235079,
  267840,
  251462,
  120388,
  104007,
  333378,
  251464,
  284239,
  153165,
  284245,
  284242,
  218715,
  185946,
  267869,
  300637,
  5724,
  71260,
  185951,
  235100,
  22113,
  104035,
  136801,
  38507,
  169582,
  218735,
  235119,
  38511,
  120430,
  267883,
  235123,
  218742,
  87675,
  300670,
  333439,
  333432,
  218749,
  235133,
  251517,
  235132,
  284293,
  333447,
  22147,
  54926,
  333450,
  317076,
  54930,
  186000,
  235156,
  22169,
  153241,
  300696,
  317081,
  54948,
  284321,
  54951,
  54953,
  251561,
  333481,
  153263,
  186029,
  300724,
  317108,
  333493,
  267957,
  87728,
  104114,
  169654,
  54965,
  54966,
  300733,
  38590,
  186044,
  284347,
  120517,
  333505,
  235204,
  22218,
  153294,
  218835,
  235219,
  333525,
  251601,
  104149,
  38614,
  104152,
  284383,
  284378,
  104158,
  22242,
  333538,
  218856,
  235247,
  317161,
  333547,
  202485,
  235252,
  38648,
  251643,
  317181,
  268029,
  333564,
  202489,
  300799,
  284411,
  333575,
  268032,
  186116,
  251658,
  22283,
  333577,
  251661,
  87822,
  169741,
  317195,
  333589,
  169747,
  333588,
  104210,
  333597,
  153371,
  333592,
  120606,
  235299,
  300838,
  71461,
  333600,
  202532,
  268072,
  333611,
  317238,
  22323,
  202550,
  317234,
  333629,
  22330,
  300871,
  333633,
  333635,
  317250,
  120650,
  333641,
  317258,
  317259,
  284500,
  268117,
  218967,
  300880,
  22361,
  22370,
  317286,
  202599,
  300896,
  235366,
  284524,
  38768,
  87921,
  235383,
  284530,
  284542,
  284536,
  169855,
  333690,
  317316,
  87936,
  186243,
  235394,
  317317,
  202624,
  268162,
  284547,
  333708,
  284557,
  333710,
  333707,
  6031,
  317333,
  87957,
  219039,
  317337,
  284569,
  284581,
  6051,
  6052,
  300973,
  284596,
  137139,
  6066,
  333751,
  300983,
  235446,
  6071,
  153534,
  235453,
  153533,
  317381,
  88003,
  55236,
  219077,
  333775,
  219085,
  251853,
  137165,
  317387,
  284631,
  104405,
  6101,
  202714,
  317407,
  202722,
  333793,
  38885,
  6121,
  235498,
  235497,
  219113,
  169966,
  235503,
  284648,
  235505,
  235504,
  284663,
  104439,
  301055,
  317439,
  317433,
  120828,
  301056,
  317441,
  6150,
  284684,
  301068,
  6153,
  317453,
  333846,
  219163,
  301085,
  153631,
  235550,
  333848,
  170013,
  6177,
  186401,
  104484,
  251940,
  6186,
  317486,
  219183,
  6192,
  235573,
  317490,
  6199,
  284734,
  317502,
  301113,
  104511,
  235587,
  317508,
  6213,
  333888,
  251977,
  170063,
  6227,
  219216,
  268375,
  333910,
  219223,
  6230,
  219227,
  284765,
  333918,
  137311,
  235613,
  284762,
  301147,
  235623,
  22629,
  219247,
  268393,
  170092,
  252013,
  202860,
  333930,
  301172,
  235638,
  235637,
  39034,
  88189,
  301179,
  202882,
  252034,
  317573,
  120960,
  333956,
  317575,
  317569,
  202885,
  333964,
  235662,
  301193,
  6291,
  317596,
  6297,
  153755,
  219295,
  252062,
  235677,
  333978,
  235682,
  6307,
  202912,
  219296,
  317603,
  6312,
  6314,
  22700,
  6319,
  284843,
  333994,
  6323,
  153781,
  6331,
  252093,
  202947,
  6337,
  301255,
  6342,
  301251,
  235722,
  301261,
  153800,
  22730,
  301262,
  6347,
  6350,
  235725,
  6352,
  6353,
  104659,
  219345,
  186577,
  235728,
  334038,
  88281,
  6363,
  252120,
  6374,
  22758,
  219365,
  235749,
  6375,
  6378,
  252143,
  6381,
  88305,
  235762,
  301301,
  317685,
  301296,
  317680,
  235765,
  235771,
  317692,
  6398,
  121089,
  284933,
  334087,
  203019,
  334093,
  6412,
  6414,
  301323,
  284948,
  317716,
  301335,
  6420,
  334097,
  6421,
  39189,
  252182,
  186645,
  334111,
  186655,
  39200,
  55588,
  22821,
  121124,
  6439,
  203050,
  6443,
  170285,
  6448,
  317748,
  6450,
  268598,
  317750,
  268599,
  6452,
  334128,
  6455,
  317747,
  153909,
  203060,
  6456,
  334141,
  153913,
  317759,
  252223,
  22849,
  6465,
  334148,
  6467,
  6468,
  6469,
  317761,
  235844,
  153930,
  334157,
  219466,
  285007,
  219471,
  317782,
  6487,
  55640,
  268637,
  219480,
  6492,
  219484,
  55648,
  6497,
  235879,
  203110,
  203108,
  268652,
  268654,
  186729,
  6507,
  88426,
  252270,
  301419,
  6513,
  22901,
  219513,
  235897,
  301439,
  104828,
  153980,
  268667,
  252284,
  285061,
  6530,
  317830,
  22915,
  334209,
  301441,
  137605,
  334220,
  6540,
  317833,
  301463,
  219543,
  6555,
  6557,
  219549,
  285093,
  334242,
  137642,
  6569,
  186798,
  154029,
  72113,
  6577,
  334260,
  186800,
  6580,
  219572,
  235956,
  104888,
  317886,
  203200,
  301504,
  137671,
  219590,
  154052,
  334274,
  285132,
  268750,
  88522,
  334281,
  137679,
  317898,
  6608,
  317909,
  6610,
  219606,
  203220,
  301532,
  334301,
  317917,
  6618,
  252377,
  55771,
  203224,
  121309,
  6624,
  6630,
  6632,
  104937,
  268781,
  334316,
  23018,
  268777,
  317930,
  6639,
  121326,
  334325,
  154097,
  317943,
  317936,
  334323,
  219636,
  6652,
  72188,
  6653,
  252414,
  55812,
  236037,
  6663,
  301571,
  6669,
  39438,
  203276,
  285204,
  252433,
  317968,
  252443,
  236057,
  252440,
  252447,
  334360,
  334363,
  6687,
  317988,
  6689,
  301606,
  317990,
  334374,
  23076,
  268834,
  301602,
  6695,
  285219,
  6696,
  301612,
  219690,
  6701,
  88622,
  39472,
  6706,
  6708,
  6709,
  6711,
  23099,
  105018,
  137790,
  6717,
  318020,
  334405,
  6721,
  203330,
  334402,
  268878,
  334414,
  236111,
  268873,
  23118,
  170573,
  301649,
  6742,
  6743,
  105050,
  186975,
  334427,
  334426,
  186978,
  236128,
  285280,
  252517,
  268898,
  285282,
  318050,
  186981,
  219754,
  88685,
  6769,
  203377,
  301686,
  186993,
  6775,
  23161,
  318072,
  252542,
  285307,
  6785,
  55939,
  6788,
  285312,
  6791,
  318092,
  23179,
  334474,
  170647,
  318099,
  219806,
  301723,
  23200,
  154272,
  268967,
  318112,
  252581,
  6822,
  88747,
  187048,
  105136,
  318133,
  301750,
  268977,
  318131,
  285373,
  219832,
  23230,
  334535,
  203457,
  318145,
  6855,
  6856,
  219851,
  318156,
  6857,
  318157,
  203464,
  154316,
  301776,
  187093,
  154331,
  318173,
  318170,
  170722,
  334565,
  301798,
  56036,
  236263,
  252644,
  203499,
  318190,
  252648,
  334571,
  236275,
  318197,
  318192,
  88823,
  6903,
  187125,
  301821,
  170745,
  252675,
  318212,
  334596,
  6916,
  301826,
  219908,
  39688,
  301836,
  6921,
  301837,
  318221,
  23306,
  203539,
  334613,
  301845,
  6929,
  334612,
  170769,
  23317,
  318225,
  6934,
  203541,
  219924,
  105242,
  301855,
  318239,
  318232,
  203549,
  6944,
  285485,
  6954,
  187187,
  6964,
  285488,
  334641,
  6966,
  236341,
  285498,
  318267,
  23360,
  88899,
  187200,
  252737,
  121666,
  121669,
  318272,
  219973,
  23367,
  56146,
  318291,
  170840,
  334681,
  7007,
  7011,
  7012,
  56165,
  7019,
  203624,
  105328,
  236404,
  334719,
  121727,
  318331,
  334724,
  334721,
  121736,
  236425,
  7057,
  187280,
  56211,
  334736,
  236443,
  88986,
  285599,
  220063,
  39837,
  7071,
  318363,
  7072,
  7073,
  170912,
  236448,
  285600,
  252838,
  252843,
  203688,
  220072,
  7084,
  236460,
  7088,
  285620,
  334773,
  7090,
  7091,
  170929,
  7092,
  23479,
  56247,
  170938,
  318396,
  89017,
  220090,
  7099,
  39867,
  318393,
  302011,
  121795,
  252865,
  302023,
  302016,
  236485,
  7112,
  285647,
  56268,
  203724,
  105425,
  302039,
  318417,
  252891,
  39897,
  318425,
  121823,
  7135,
  334817,
  7147,
  252911,
  7149,
  89075,
  334839,
  72693,
  220150,
  170996,
  203765,
  220155,
  318461,
  105467,
  105471,
  334843,
  220163,
  7169,
  105475,
  138240,
  89090,
  23559,
  7177,
  285710,
  302088,
  236558,
  285706,
  89102,
  334858,
  318484,
  334871,
  318487,
  7192,
  203803,
  302114,
  7206,
  285730,
  318498,
  236586,
  7211,
  39979,
  252968,
  252975,
  252974,
  7214,
  23605,
  285745,
  72762,
  7228,
  203839,
  7231,
  285755,
  7232,
  334917,
  285765,
  7234,
  105541,
  56391,
  236618,
  318537,
  7245,
  253005,
  318549,
  220240,
  203863,
  318545,
  285778,
  236628,
  318547,
  7263,
  7264,
  23649,
  105568,
  318565,
  105571,
  318563,
  220267,
  236649,
  203880,
  7279,
  187506,
  23665,
  7285,
  318579,
  154746,
  187513,
  203903,
  7294,
  7295,
  269435,
  138371,
  285829,
  7299,
  236672,
  318592,
  253066,
  138376,
  121997,
  334985,
  89228,
  7309,
  285844,
  334997,
  302228,
  318613,
  236689,
  203920,
  187543,
  7320,
  203930,
  122011,
  318622,
  302232,
  7329,
  220326,
  285868,
  23721,
  7338,
  318635,
  269490,
  253115,
  269500,
  302277,
  187584,
  7364,
  253124,
  7368,
  7369,
  302281,
  335061,
  236754,
  335063,
  7379,
  318679,
  220375,
  318675,
  7384,
  335064,
  7392,
  7393,
  204002,
  302309,
  335078,
  285921,
  302306,
  269545,
  204018,
  302325,
  7410,
  23795,
  7415,
  7417,
  285949,
  236793,
  7420,
  285944,
  236797,
  40193,
  72960,
  23815,
  253188,
  318734,
  7437,
  236819,
  7441,
  187667,
  253201,
  7445,
  302354,
  7449,
  253209,
  318744,
  318757,
  7458,
  40230,
  7463,
  253227,
  269613,
  7466,
  23850,
  318767,
  253231,
  285992,
  335144,
  171314,
  56627,
  236848,
  236855,
  302386,
  204090,
  302397,
  7482,
  23868,
  105789,
  335161,
  187711,
  7485,
  7488,
  73026,
  318784,
  253257,
  286030,
  318793,
  220493,
  253261,
  154961,
  7509,
  89431,
  7511,
  187739,
  335199,
  73050,
  138585,
  7519,
  335194,
  7520,
  7521,
  23910,
  236906,
  7536,
  7538,
  220535,
  187767,
  318833,
  253301,
  7542,
  335228,
  23935,
  302459,
  318855,
  122245,
  318848,
  335232,
  236932,
  286093,
  23947,
  204172,
  253331,
  302485,
  7570,
  335255,
  318866,
  7576,
  40348,
  56732,
  236958,
  335256,
  56734,
  302491,
  302500,
  318884,
  138657,
  7589,
  155047,
  286125,
  56746,
  7596,
  7599,
  187826,
  335284,
  318902,
  105909,
  187831,
  302514,
  155064,
  7611,
  253368,
  302520,
  23997,
  7613,
  220611,
  204225,
  220619,
  269775,
  302537,
  302538,
  253389,
  335307,
  187853,
  220627,
  269783,
  335318,
  187862,
  335312,
  122327,
  253402,
  7644,
  220636,
  24033,
  237025,
  237029,
  24042,
  138735,
  24046,
  318954,
  7665,
  187894,
  7669,
  7675,
  253439,
  56829,
  122366,
  269828,
  7682,
  220673,
  7683,
  220672,
  220679,
  318976,
  24071,
  253444,
  220682,
  155147,
  56844,
  269835,
  302603,
  7697,
  89619,
  24087,
  204315,
  286239,
  286235,
  220707,
  286245,
  89635,
  7716,
  253479,
  7719,
  122406,
  187941,
  89640,
  122408,
  56877,
  220718,
  286249,
  220723,
  253491,
  56882,
  7731,
  335409,
  7733,
  7734,
  253492,
  138811,
  319037,
  7739,
  319039,
  24124,
  187967,
  335416,
  220733,
  220738,
  319046,
  253509,
  286284,
  7754,
  187976,
  253518,
  319051,
  237136,
  269914,
  7775,
  155233,
  138855,
  286306,
  7784,
  106094,
  237171,
  24177,
  269942,
  286326,
  319095,
  220791,
  286335,
  220797,
  286330,
  171651,
  286343,
  122500,
  237188,
  237195,
  7818,
  24202,
  89739,
  24203,
  7821,
  319124,
  269972,
  7826,
  73365,
  237204,
  24218,
  24222,
  220828,
  237212,
  122529,
  269988,
  171685,
  237227,
  319149,
  7851,
  106156,
  155311,
  204461,
  237229,
  24240,
  204467,
  204464,
  7862,
  188091,
  7866,
  286399,
  24253,
  7870,
  319162,
  7871,
  57025,
  7874,
  237249,
  122562,
  7876,
  7877,
  335554,
  286413,
  270026,
  253644,
  7888,
  204502,
  138967,
  237270,
  253654,
  319185,
  24281,
  171737,
  237278,
  253660,
  302817,
  319213,
  7913,
  302829,
  319208,
  204526,
  319209,
  253676,
  253682,
  73469,
  302840,
  171775,
  204547,
  286471,
  319244,
  270088,
  204556,
  24336,
  319252,
  57105,
  7954,
  204561,
  188177,
  220951,
  40726,
  253717,
  106262,
  171801,
  237347,
  89888,
  7975,
  204586,
  220969,
  270126,
  237359,
  220972,
  286516,
  302900,
  7987,
  24374,
  286515,
  302905,
  155452,
  188224,
  319302,
  319296,
  237382,
  286543,
  204621,
  221005,
  302922,
  188243,
  221010,
  8018,
  139088,
  221009,
  286551,
  139094,
  106326,
  204635,
  8025,
  188251,
  221016,
  24412,
  253795,
  8036,
  204646,
  335714,
  302957,
  302958,
  8042,
  171885,
  204659,
  221043,
  302964,
  204667,
  8059,
  8060,
  24444,
  286587,
  221059,
  122755,
  286599,
  8069,
  24456,
  139146,
  8075,
  122762,
  8076,
  188303,
  122764,
  302986,
  40848,
  302992,
  204694,
  270225,
  24471,
  221081,
  303006,
  319384,
  319386,
  171938,
  8097,
  237474,
  319397,
  8101,
  24487,
  221092,
  253860,
  73640,
  57258,
  188334,
  303017,
  319401,
  303018,
  319402,
  24495,
  237484,
  8112,
  335797,
  253873,
  204727,
  8118,
  106423,
  8119,
  303039,
  319423,
  171966,
  8126,
  319428,
  8129,
  188353,
  286657,
  188356,
  24522,
  319438,
  319439,
  303060,
  221137,
  286678,
  319447,
  286674,
  139221,
  122843,
  270303,
  319455,
  221155,
  319462,
  106469,
  253927,
  253926,
  8166,
  40934,
  319469,
  8170,
  319470,
  172018,
  253939,
  253938,
  8179,
  8180,
  90101,
  237558,
  8182,
  270332,
  188411,
  270333,
  286717,
  57339,
  270335,
  204799,
  237567,
  172031,
  303104,
  8197,
  237572,
  139275,
  8202,
  188424,
  286734,
  155663,
  335883,
  286731,
  319509,
  221200,
  204823,
  270352,
  188436,
  221204,
  8218,
  303135,
  106527,
  204833,
  204839,
  319520,
  286753,
  57382,
  24617,
  303149,
  24618,
  237609,
  286767,
  204845,
  24623,
  8240,
  24624,
  303158,
  106551,
  286770,
  139317,
  155706,
  286780,
  8249,
  303160,
  8253,
  8255,
  8256,
  319559,
  270400,
  286785,
  139339,
  254025,
  221256,
  286792,
  286793,
  319561,
  57423,
  8271,
  106574,
  303188,
  319573,
  254032,
  254038,
  286803,
  221275,
  8282,
  221272,
  254047,
  286811,
  254051,
  303205,
  8290,
  303206,
  237670,
  8294,
  270435,
  8296,
  106613,
  8309,
  319602,
  172149,
  204921,
  237692,
  155778,
  204931,
  204930,
  254087,
  106631,
  237701,
  155784,
  286863,
  319636,
  106644,
  254105,
  286879,
  57503,
  90272,
  188576,
  90277,
  8357,
  8358,
  237739,
  204970,
  204975,
  73900,
  24750,
  123055,
  204978,
  221362,
  319670,
  73908,
  286899,
  319677,
  204990,
  237763,
  286919,
  204999,
  303297,
  205002,
  237770,
  24783,
  237777,
  221399,
  172244,
  319698,
  90331,
  24795,
  319711,
  172253,
  319719,
  155876,
  139499,
  73962,
  254194,
  8434,
  172272,
  24819,
  270588,
  303356,
  319741,
  237817,
  254206,
  254210,
  106755,
  319750,
  221440,
  106758,
  8456,
  172298,
  286988,
  303372,
  254222,
  8463,
  24847,
  286997,
  319760,
  8469,
  57621,
  286993,
  123158,
  188693,
  270622,
  254232,
  254238,
  237854,
  254237,
  8479,
  254243,
  123168,
  270636,
  319785,
  8494,
  172332,
  237869,
  303412,
  57650,
  8500,
  8501,
  254262,
  188727,
  8502,
  319794,
  8503,
  41271,
  155963,
  8507,
  319807,
  319802,
  155965,
  205123,
  90435,
  155968,
  270657,
  303425,
  8520,
  155976,
  303447,
  24918,
  237908,
  270675,
  237915,
  106842,
  287071,
  172383,
  8542,
  8543,
  319845,
  237920,
  237929,
  188783,
  188780,
  319860,
  221554,
  8562,
  287091,
  237947,
  205177,
  237944,
  287109,
  254337,
  8580,
  287106,
  254340,
  303501,
  172429,
  254348,
  221585,
  319894,
  8596,
  254359,
  303505,
  24983,
  8600,
  8602,
  303518,
  319902,
  123293,
  205212,
  41378,
  287142,
  270753,
  156068,
  221604,
  90537,
  205230,
  156086,
  287153,
  8629,
  221624,
  139711,
  8640,
  238019,
  57793,
  8642,
  8643,
  25027,
  188870,
  254405,
  270796,
  74186,
  319951,
  254413,
  287190,
  254423,
  303569,
  254421,
  8668,
  8669,
  90595,
  188897,
  8678,
  57830,
  319971,
  172526,
  123372,
  8690,
  172529,
  287223,
  74228,
  238070,
  254454,
  303602,
  205307,
  156152,
  107004,
  319994,
  270843,
  57858,
  254465,
  41477,
  123403,
  320008,
  8718,
  8719,
  303627,
  25105,
  8722,
  156183,
  205334,
  254489,
  57888,
  8740,
  238118,
  107051,
  270895,
  303663,
  8748,
  303657,
  270890,
  238128,
  172597,
  287293,
  270909,
  205368,
  270907,
  287291,
  74305,
  320069,
  8770,
  8774,
  238149,
  25161,
  320077,
  221774,
  254541,
  254545,
  41557,
  8793,
  123480,
  303709,
  270938,
  287322,
  270939,
  156256,
  238176,
  303719,
  57956,
  8808,
  57960,
  238187,
  189032,
  189038,
  205421,
  270954,
  320107,
  8817,
  25201,
  287350,
  254582,
  287346,
  8824,
  238202,
  270973,
  221817,
  320127,
  8834,
  238214,
  270988,
  123528,
  156299,
  90769,
  238235,
  320158,
  221853,
  107169,
  271012,
  254631,
  205478,
  320162,
  107176,
  8873,
  238250,
  8875,
  8876,
  221869,
  8879,
  320171,
  156336,
  8885,
  189108,
  303795,
  320191,
  8894,
  139969,
  221888,
  320204,
  107213,
  107214,
  205520,
  303831,
  8916,
  172757,
  271059,
  8924,
  238302,
  58078,
  8928,
  320224,
  303842,
  8935,
  74470,
  303852,
  8937,
  189160,
  303854,
  8941,
  205554,
  303861,
  8947,
  320247,
  107252,
  254719,
  8957,
  156413,
  303867,
  58113,
  107266,
  221952,
  287502,
  156425,
  58128,
  221971,
  8979,
  8980,
  287504,
  25369,
  156440,
  221987,
  221985,
  90918,
  189226,
  271148,
  271158,
  320310,
  271159,
  303921,
  320316,
  9023,
  172861,
  205635,
  222018,
  9026,
  320321,
  320323,
  287562,
  287563,
  140112,
  9043,
  222032,
  320343,
  287569,
  238421,
  320350,
  25435,
  222044,
  41827,
  271201,
  205672,
  254831,
  222062,
  205689,
  222072,
  9085,
  74623,
  238461,
  320388,
  9091,
  304000,
  238468,
  156554,
  304008,
  238478,
  205715,
  9104,
  107409,
  238481,
  41876,
  156565,
  271261,
  9118,
  271259,
  304027,
  320421,
  304038,
  271264,
  320418,
  156581,
  189354,
  254889,
  287659,
  238515,
  156593,
  205751,
  304050,
  107449,
  9145,
  304057,
  287674,
  107454,
  172989,
  156611,
  9156,
  205767,
  9157,
  304076,
  107467,
  173000,
  9165,
  41933,
  304075,
  107472,
  304085,
  238545,
  304087,
  156631,
  140250,
  287708,
  9183,
  254945,
  238560,
  9188,
  304108,
  320488,
  287721,
  205815,
  222199,
  9207,
  254971,
  41981,
  9214,
  205825,
  9219,
  320512,
  287753,
  205836,
  304151,
  9237,
  271377,
  287762,
  304153,
  271396,
  9250,
  173089,
  320545,
  320558,
  91181,
  304171,
  320564,
  271413,
  320565,
  42034,
  255025,
  9267,
  255029,
  304178,
  304190,
  320575,
  9276,
  42045,
  42046,
  320582,
  9283,
  123975,
  9289,
  287822,
  9291,
  25675,
  304201,
  9294,
  304202,
  173133,
  320587,
  304212,
  58451,
  9300,
  42068,
  320592,
  173140,
  304221,
  189534,
  238687,
  25693,
  320601,
  320612,
  271456,
  271457,
  287843,
  222315,
  107627,
  124011,
  205935,
  287858,
  287859,
  320627,
  320637,
  222329,
  42107,
  255096,
  9340,
  238727,
  189572,
  255108,
  320643,
  58510,
  320650,
  238739,
  222354,
  205969,
  205975,
  189588,
  271506,
  74905,
  140440,
  222361,
  58525,
  74908,
  9375,
  304292,
  9376,
  156834,
  255137,
  9380,
  9383,
  205988,
  287916,
  238761,
  222380,
  74936,
  222392,
  255160,
  140483,
  189632,
  206022,
  304332,
  189643,
  255183,
  320712,
  206028,
  320721,
  255188,
  9433,
  287967,
  320728,
  271579,
  9442,
  222432,
  9445,
  320737,
  25830,
  271599,
  124141,
  9453,
  287977,
  222450,
  287989,
  320758,
  74997,
  91381,
  320755,
  206072,
  271608,
  238846,
  271609,
  222461,
  124160,
  320770,
  9481,
  238856,
  9485,
  288011,
  189715,
  9489,
  288022,
  304406,
  25875,
  189718,
  271632,
  9494,
  25879,
  238875,
  288028,
  173336,
  75035,
  9501,
  206110,
  222494,
  9503,
  9504,
  58657,
  156961,
  9508,
  320800,
  320802,
  156970,
  304429,
  9515,
  25901,
  206125,
  9519,
  271668,
  124208,
  9527,
  238900,
  320828,
  271678,
  25918,
  124222,
  25919,
  320827,
  320836,
  271685,
  304453,
  320837,
  206151,
  222534,
  320833,
  206155,
  320846,
  288079,
  25937,
  255313,
  9555,
  75090,
  320855,
  304464,
  320848,
  9558,
  238933,
  304476,
  288093,
  304473,
  320858,
  124254,
  222563,
  206178,
  9570,
  173414,
  9578,
  271726,
  91498,
  189801,
  9584,
  320885,
  25971,
  255344,
  206201,
  9600,
  320901,
  222593,
  9604,
  222599,
  288128,
  58757,
  75140,
  140676,
  238981,
  271757,
  58761,
  75144,
  320910,
  9611,
  320906,
  238995,
  255377,
  9619,
  91541,
  222614,
  189844,
  288156,
  9625,
  271774,
  222616,
  222623,
  26014,
  288155,
  222627,
  9634,
  107943,
  255397,
  9641,
  320941,
  9642,
  304558,
  320942,
  9643,
  9646,
  222640,
  320944,
  222646,
  9655,
  271804,
  9657,
  320957,
  320958,
  222653,
  9665,
  239051,
  9673,
  9674,
  173516,
  271819,
  304598,
  91604,
  157147,
  206297,
  9691,
  9692,
  9693,
  9695,
  288219,
  9697,
  239079,
  271841,
  320993,
  255460,
  255466,
  321002,
  91630,
  9711,
  9712,
  271860,
  9713,
  271861,
  321009,
  222709,
  271859,
  255483,
  304636,
  108027,
  321023,
  321018,
  189955,
  255495,
  173575,
  9735,
  189957,
  75273,
  255503,
  26125,
  140815,
  271883,
  304651,
  321045,
  9748,
  42516,
  9751,
  9754,
  321054,
  206360,
  108061,
  9757,
  271897,
  321050,
  26147,
  222759,
  288302,
  9771,
  9772,
  288297,
  239150,
  304682,
  255539,
  124468,
  321075,
  9786,
  9787,
  157247,
  190012,
  190013,
  91713,
  9796,
  9798,
  75339,
  304718,
  9806,
  222797,
  124497,
  271957,
  9810,
  42578,
  157264,
  288342,
  173654,
  239191,
  288337,
  222806,
  9814,
  9815,
  206427,
  271964,
  190043,
  222809,
  157273,
  321112,
  190044,
  9827,
  321127,
  9828,
  173670,
  91750,
  190059,
  321133,
  9835,
  190066,
  271988,
  222832,
  75380,
  9847,
  206463,
  26237,
  42621,
  255614,
  222845,
  321147,
  304768,
  321152,
  9861,
  288385,
  321155,
  124553,
  108171,
  206473,
  9870,
  206477,
  9875,
  255639,
  190102,
  157335,
  239253,
  9880,
  272028,
  108187,
  222872,
  239256,
  304800,
  288428,
  272045,
  321198,
  255656,
  304815,
  239287,
  321201,
  9910,
  272050,
  206516,
  239284,
  304828,
  140987,
  206522,
  9914,
  206520,
  255677,
  239299,
  272069,
  9922,
  321216,
  206539,
  59081,
  141003,
  190152,
  288463,
  304847,
  9934,
  26318,
  304855,
  9940,
  321232,
  255703,
  9942,
  9943,
  304851,
  9945,
  91867,
  304862,
  26333,
  9949,
  222942,
  272089,
  42719,
  222946,
  304869,
  255713,
  124645,
  9960,
  239337,
  304878,
  141038,
  288489,
  9967,
  190195,
  222967,
  304880,
  9973,
  304881,
  9974,
  108278,
  288508,
  239352,
  288507,
  239360,
  288514,
  9991,
  9995,
  321288,
  9998,
  321291,
  255763,
  91920,
  206608,
  222999,
  272144,
  26394,
  239384,
  239388,
  272155,
  190243,
  10018,
  321312,
  10024,
  10031,
  75569,
  141107,
  173872,
  91954,
  10037,
  206644,
  10040,
  75577,
  10042,
  10043,
  321336,
  206654,
  255810,
  157505,
  190273,
  239430,
  223045,
  304963,
  10056,
  26443,
  239437,
  91985,
  141142,
  223063,
  223061,
  304978,
  10072,
  223066,
  255833,
  10075,
  10078,
  321370,
  206688,
  304999,
  26470,
  10087,
  239467,
  92013,
  108398,
  10096,
  239475,
  10097,
  10098,
  10099,
  288637,
  305016,
  305029,
  141184,
  92034,
  321415,
  288641,
  239493,
  75657,
  206735,
  255887,
  255885,
  272276,
  10129,
  223121,
  108436,
  92055,
  190364,
  190368,
  10147,
  10149,
  10150,
  288674,
  255915,
  321448,
  272298,
  239532,
  272309,
  206769,
  223163,
  157624,
  288696,
  321465,
  124864,
  321478,
  321473,
  305089,
  10182,
  305090,
  321475,
  42954,
  92107,
  10187,
  10189,
  190413,
  288725,
  108499,
  59350,
  10198,
  239573,
  305106,
  157653,
  124888,
  26590,
  288730,
  42975,
  174045,
  272358,
  305127,
  255974,
  10223,
  321527,
  321520,
  174071,
  288753,
  305137,
  174069,
  305150,
  321535,
  223230,
  26621,
  255998,
  206850,
  239621,
  174084,
  10250,
  321550,
  321551,
  10253,
  305162,
  108558,
  239635,
  305173,
  43028,
  10262,
  141332,
  157720,
  124954,
  75807,
  272410,
  272416,
  206887,
  75817,
  272428,
  10282,
  305199,
  206895,
  239662,
  256046,
  288809,
  190508,
  256045,
  92206,
  256054,
  272433,
  10294,
  305208,
  10303,
  141378,
  10305,
  108608,
  239682,
  190534,
  10309,
  223301,
  10314,
  206920,
  10316,
  59473,
  272469,
  10324,
  10325,
  10326,
  272478,
  305246,
  206936,
  26716,
  10333,
  321626,
  141405,
  206947,
  10340,
  321632,
  92260,
  10342,
  256115,
  10353,
  125040,
  272499,
  10360,
  321661,
  272505,
  10370,
  239745,
  10375,
  190603,
  223370,
  26762,
  272526,
  288910,
  321679,
  256143,
  272521,
  10384,
  10385,
  10387,
  288919,
  305310,
  10395,
  272537,
  223389,
  321702,
  92325,
  10405,
  10406,
  92327,
  321708,
  10413,
  125103,
  223405,
  92337,
  10417,
  92341,
  10428,
  256194,
  321734,
  157889,
  288973,
  272590,
  305359,
  10446,
  174290,
  288983,
  125142,
  125149,
  239842,
  223463,
  321760,
  26854,
  10475,
  272623,
  174318,
  207086,
  10478,
  239853,
  10482,
  108787,
  207088,
  223479,
  272624,
  26869,
  223483,
  125179,
  10491,
  239864,
  305400,
  223485,
  223490,
  223495,
  10502,
  289026,
  207114,
  10506,
  289039,
  10508,
  10509,
  10510,
  141580,
  305419,
  321820,
  26908,
  239902,
  321819,
  10527,
  108830,
  321828,
  239904,
  289056,
  10533,
  207141,
  321826,
  10536,
  108842,
  125226,
  10540,
  92461,
  223535,
  305448,
  207149,
  321834,
  256311,
  272691,
  108856,
  256314,
  321855,
  289081,
  10559,
  207164,
  223548,
  26945,
  256326,
  289090,
  321858,
  108872,
  272718,
  10571,
  256328,
  76109,
  158028,
  26961,
  10578,
  289110,
  321872,
  256342,
  305489,
  223573,
  10583,
  190811,
  10586,
  272740,
  207202,
  158051,
  289125,
  223591,
  10600,
  256363,
  108904,
  10603,
  239982,
  10606,
  239980,
  10610,
  256375,
  223605,
  321906,
  10615,
  158069,
  10616,
  289148,
  108923,
  321918,
  43387,
  10621,
  10625,
  289158,
  223616,
  10631,
  174469,
  223626,
  141707,
  174475,
  76173,
  321928,
  10638,
  43406,
  27025,
  321941,
  27029,
  158103,
  10648,
  108953,
  321948,
  10649,
  10650,
  207257,
  10652,
  240031,
  321945,
  223645,
  289178,
  10656,
  256419,
  158115,
  272805,
  10658,
  305575,
  190887,
  10664,
  43432,
  125352,
  256424,
  321967,
  125357,
  27053,
  240044,
  43440,
  10674,
  10675,
  321975,
  174518,
  272817,
  27063,
  76221,
  43453,
  92604,
  321987,
  223689,
  141772,
  207308,
  223697,
  10706,
  174545,
  10711,
  256468,
  289235,
  10712,
  10713,
  125400,
  158169,
  207326,
  59870,
  59877,
  305644,
  10728,
  125417,
  10729,
  272878,
  240104,
  10735,
  322036,
  322037,
  158192,
  289270,
  289267,
  207348,
  27128,
  322044,
  322046,
  272890,
  322042,
  305670,
  305664,
  322051,
  174597,
  43528,
  272908,
  10762,
  27146,
  223752,
  10764,
  125455,
  240141,
  125454,
  76305,
  109073,
  240147,
  92691,
  10773,
  322065,
  207380,
  27160,
  10778,
  59931,
  191001,
  272927,
  10780,
  158239,
  125468,
  305690,
  158242,
  322086,
  272935,
  174630,
  109092,
  76327,
  10790,
  92710,
  10794,
  59953,
  43570,
  223793,
  322103,
  27190,
  240180,
  10808,
  256571,
  27193,
  191032,
  207423,
  256574,
  207420,
  10816,
  174659,
  322112,
  43591,
  207428,
  10830,
  27214,
  305739,
  10832,
  59984,
  223825,
  289366,
  289360,
  10837,
  256598,
  256597,
  207444,
  322140,
  191064,
  322142,
  240223,
  223838,
  10849,
  92770,
  272993,
  125545,
  10858,
  109166,
  10865,
  191094,
  191095,
  43640,
  141944,
  256633,
  191097,
  273017,
  322169,
  10878,
  60030,
  207485,
  240259,
  207489,
  10884,
  10887,
  27271,
  289420,
  273038,
  10892,
  109199,
  289419,
  322197,
  60052,
  322193,
  10902,
  10905,
  92829,
  240286,
  10910,
  240284,
  289435,
  10911,
  10916,
  92836,
  10918,
  322220,
  322217,
  10926,
  92846,
  240300,
  322231,
  10932,
  240308,
  289467,
  142019,
  322246,
  256704,
  305863,
  92872,
  289485,
  322253,
  240334,
  240333,
  142032,
  256721,
  289494,
  27352,
  322269,
  240345,
  305886,
  322277,
  223969,
  305894,
  10980,
  10981,
  240356,
  60141,
  273129,
  322281,
  27374,
  174834,
  256754,
  273138,
  11001,
  174840,
  142079,
  191229,
  60161,
  76544,
  109314,
  322311,
  11013,
  191237,
  11018,
  256777,
  207630,
  322320,
  224025,
  305951,
  43806,
  191261,
  273188,
  273191,
  224038,
  322338,
  224036,
  207657,
  27435,
  273199,
  240431,
  305972,
  11057,
  207665,
  322358,
  11060,
  60214,
  305970,
  256820,
  174901,
  273203,
  305971,
  11064,
  109370,
  109372,
  224067,
  27457,
  240450,
  11077,
  76615,
  76617,
  11080,
  109386,
  289615,
  11084,
  76621,
  273224,
  305992,
  11089,
  27474,
  191313,
  93012,
  142169,
  60254,
  76641,
  273252,
  109413,
  60261,
  306017,
  256875,
  224109,
  158579,
  207730,
  11123,
  273264,
  289648,
  240501,
  240507,
  191353,
  273279,
  256892,
  11138,
  125829,
  256903,
  322433,
  289667,
  60295,
  240523,
  27530,
  256908,
  273303,
  158615,
  289688,
  109470,
  322459,
  142246,
  289696,
  256934,
  11174,
  256933,
  109479,
  306093,
  273327,
  273321,
  76718,
  27571,
  273328,
  11192,
  11193,
  125880,
  207806,
  289722,
  207804,
  322491,
  289733,
  191424,
  207819,
  109517,
  11214,
  11215,
  273365,
  191440,
  191441,
  273367,
  11221,
  158679,
  273363,
  11224,
  289757,
  256991,
  60381,
  306137,
  306151,
  11236,
  27620,
  109540,
  125924,
  11238,
  76774,
  60391,
  240612,
  142314,
  191467,
  60395,
  142318,
  11248,
  27633,
  273397,
  109555,
  289783,
  273394,
  109558,
  224251,
  240635,
  273404,
  93179,
  125946,
  289791,
  93181,
  289784,
  175100,
  322554,
  224258,
  257026,
  240641,
  273414,
  11268,
  158726,
  240645,
  273420,
  289800,
  322568,
  60430,
  257036,
  11280,
  306199,
  207892,
  240667,
  306204,
  11290,
  289816,
  322585,
  306212,
  240672,
  109607,
  11304,
  125993,
  273453,
  322603,
  11312,
  175154,
  257079,
  109620,
  11317,
  273457,
  126006,
  11321,
  240703,
  207934,
  322628,
  76864,
  11335,
  158789,
  11336,
  109641,
  11337,
  11339,
  224338,
  240727,
  109652,
  273500,
  11355,
  273496,
  240733,
  126046,
  273510,
  191585,
  273511,
  273517,
  11370,
  322664,
  322665,
  11375,
  306292,
  191603,
  289904,
  191605,
  11384,
  76921,
  257147,
  191611,
  257146,
  126074,
  126077,
  224386,
  240768,
  322695,
  306305,
  11399,
  306317,
  11403,
  60557,
  289931,
  60560,
  306320,
  60568,
  175257,
  273567,
  257187,
  27809,
  224423,
  11430,
  208043,
  322729,
  11438,
  191666,
  273589,
  11442,
  158896,
  208048,
  126133,
  11445,
  11446,
  322739,
  208058,
  44223,
  11458,
  322758,
  240839,
  109765,
  191684,
  11471,
  290004,
  11473,
  257237,
  158938,
  11482,
  273631,
  191711,
  175324,
  290010,
  224476,
  11487,
  240860,
  77026,
  44260,
  109801,
  27881,
  257263,
  322794,
  322795,
  322801,
  273651,
  175355,
  322813,
  290046,
  191737,
  306431,
  191742,
  11520,
  93441,
  11522,
  11527,
  44296,
  240904,
  240915,
  322836,
  240923,
  322845,
  159006,
  322841,
  159011,
  322854,
  11560,
  11566,
  191788,
  27951,
  322867,
  11577,
  191800,
  11579,
  44350,
  11584,
  306501,
  322885,
  290119,
  159044,
  306499,
  240971,
  273744,
  175447,
  77145,
  224602,
  208217,
  175449,
  191839,
  257374,
  60766,
  208225,
  159078,
  322925,
  306549,
  224630,
  11638,
  191860,
  28024,
  208251,
  44412,
  273785,
  257405,
  11647,
  44415,
  290171,
  142722,
  306560,
  322957,
  159119,
  257421,
  126353,
  224663,
  241045,
  208276,
  290206,
  224664,
  208286,
  208285,
  257436,
  11679,
  11680,
  77221,
  257445,
  306594,
  11687,
  77225,
  11689,
  224685,
  11696,
  60848,
  273841,
  11702,
  11706,
  224703,
  290233,
  224704,
  28102,
  323011,
  77256,
  323022,
  323031,
  241109,
  241113,
  208351,
  323035,
  224736,
  323047,
  93671,
  323054,
  306671,
  306667,
  241138,
  323061,
  11768,
  306684,
  44539,
  142847,
  11774,
  224769,
  60934,
  306690,
  241156,
  241163,
  323084,
  323085,
  241160,
  126478,
  11792,
  192019,
  208402,
  241168,
  159252,
  323091,
  306716,
  11803,
  224796,
  142883,
  290341,
  28197,
  192036,
  323106,
  93734,
  44585,
  208431,
  257583,
  323114,
  241196,
  323124,
  241207,
  290352,
  11829,
  290355,
  11832,
  224827,
  11834,
  323134,
  11835,
  208447,
  11837,
  60990,
  11841,
  192065,
  224832,
  159302,
  175687,
  306755,
  142922,
  323148,
  257609,
  28238,
  306772,
  28241,
  28244,
  61014,
  175704,
  11867,
  28251,
  61019,
  61026,
  159329,
  241254,
  323169,
  11878,
  159333,
  274030,
  323182,
  11884,
  126573,
  257644,
  323184,
  93815,
  290424,
  306810,
  323205,
  44677,
  11910,
  323203,
  241291,
  306829,
  323213,
  306831,
  241294,
  61070,
  28302,
  323211,
  11922,
  323222,
  323216,
  241302,
  192148,
  323227,
  159393,
  224928,
  224935,
  306849,
  224933,
  192170,
  241323,
  175784,
  274100,
  224951,
  224950,
  175796,
  257717,
  11959,
  44728,
  11963,
  241336,
  11964,
  323256,
  159420,
  323269,
  257729,
  274118,
  290503,
  257739,
  11978,
  290510,
  28363,
  323279,
  28365,
  274121,
  290507,
  11984,
  290516,
  28371,
  143062,
  126676,
  241364,
  11992,
  28381,
  290521,
  241377,
  241383,
  290530,
  306914,
  61159,
  241386,
  306926,
  12012,
  12013,
  274154,
  12016,
  241394,
  323323,
  306951,
  323335,
  61188,
  208646,
  257797,
  257796,
  257803,
  323340,
  323341,
  77580,
  126732,
  290570,
  28432,
  126738,
  28438,
  274205,
  77595,
  12061,
  12063,
  12064,
  257831,
  274209,
  274220,
  225066,
  323373,
  323368,
  323371,
  225073,
  306998,
  290615,
  12087,
  208692,
  306995,
  126777,
  175930,
  241467,
  307005,
  192312,
  323384,
  28477,
  323385,
  225084,
  307014,
  110408,
  290637,
  143177,
  257864,
  28495,
  208716,
  208723,
  192339,
  307029,
  307030,
  110427,
  12124,
  12128,
  323424,
  208741,
  12135,
  28519,
  175979,
  208746,
  208745,
  241513,
  12139,
  126826,
  290671,
  28532,
  12149,
  12153,
  307069,
  12157,
  28541,
  225154,
  192384,
  257925,
  274306,
  12167,
  323459,
  110475,
  143241,
  225170,
  274325,
  61330,
  12179,
  241559,
  143254,
  307088,
  159639,
  323473,
  12182,
  176020,
  192404,
  28567,
  192409,
  323481,
  12193,
  241570,
  241575,
  274337,
  323489,
  12202,
  208814,
  225198,
  159661,
  323508,
  12212,
  241598,
  126910,
  176061,
  274372,
  61378,
  241601,
  12227,
  323521,
  323522,
  274380,
  192459,
  323534,
  110539,
  290766,
  290767,
  12235,
  28620,
  307144,
  126924,
  12241,
  290769,
  192468,
  192469,
  274387,
  307155,
  225241,
  323544,
  323556,
  12257,
  192481,
  94180,
  77799,
  192490,
  290797,
  176110,
  12269,
  176111,
  61426,
  225265,
  274423,
  307185,
  241652,
  258036,
  241658,
  323582,
  110588,
  12285,
  323591,
  12293,
  28677,
  241669,
  208900,
  143371,
  208905,
  323593,
  192528,
  323606,
  12313,
  274461,
  143391,
  258083,
  241698,
  241696,
  110629,
  12325,
  258084,
  12327,
  274476,
  323628,
  323630,
  225320,
  258088,
  159789,
  290868,
  258103,
  258101,
  323634,
  323645,
  241721,
  274495,
  77884,
  127041,
  12356,
  208966,
  258118,
  323661,
  12363,
  12365,
  12366,
  323668,
  323670,
  225365,
  12375,
  12376,
  192602,
  323676,
  307294,
  12378,
  225379,
  192611,
  127074,
  323680,
  225381,
  12395,
  94317,
  176236,
  241773,
  12399,
  176247,
  12412,
  290938,
  274555,
  307333,
  241793,
  307328,
  12422,
  225412,
  225418,
  12426,
  94347,
  143502,
  192654,
  258191,
  209038,
  241806,
  258189,
  274580,
  307349,
  45202,
  176272,
  176273,
  290960,
  192663,
  143515,
  94363,
  307358,
  77981,
  258204,
  323739,
  225440,
  307361,
  274594,
  159915,
  192684,
  323754,
  258220,
  323773,
  323774,
  323780,
  209090,
  12485,
  274625,
  12488,
  209099,
  241865,
  258255,
  12493,
  241868,
  241879,
  28886,
  307417,
  274661,
  323815,
  307424,
  28902,
  258290,
  274674,
  291058,
  110841,
  323833,
  176380,
  225543,
  209157,
  225547,
  209163,
  94478,
  241939,
  12561,
  258321,
  110869,
  241941,
  12569,
  323871,
  323872,
  241958,
  241956,
  258345,
  28972,
  241966,
  323881,
  143663,
  307498,
  258349,
  127278,
  110898,
  307511,
  258365,
  323898,
  307515,
  241985,
  12615,
  192837,
  307533,
  176457,
  258381,
  307541,
  274768,
  209237,
  225621,
  242004,
  258395,
  12633,
  323934,
  61787,
  12638,
  12640,
  225633,
  225639,
  242022,
  192869,
  61806,
  225644,
  323957,
  291191,
  61813,
  12662,
  291194,
  258428,
  209283,
  323973,
  291205,
  242048,
  242058,
  274829,
  323983,
  323990,
  160150,
  274832,
  307601,
  225688,
  324007,
  61861,
  192935,
  143780,
  324002,
  192936,
  12716,
  274868,
  192944,
  242103,
  274865,
  12726,
  45494,
  209338,
  12730,
  291256,
  291268,
  12737,
  12738,
  12740,
  45509,
  78279,
  242116,
  12744,
  12751,
  242124,
  176594,
  274902,
  242128,
  324049,
  12760,
  160219,
  29146,
  274911,
  291288,
  307687,
  127461,
  307692,
  193003,
  78312,
  225769,
  12780,
  143855,
  29166,
  324074,
  12783,
  258540,
  307701,
  242160,
  193015,
  258550,
  307704,
  29181,
  193023,
  307706,
  242182,
  176644,
  193034,
  242187,
  324109,
  242191,
  12813,
  143887,
  258574,
  291338,
  307732,
  29202,
  78355,
  29203,
  242196,
  12824,
  61976,
  29211,
  143903,
  324121,
  324133,
  12837,
  94761,
  61995,
  274985,
  193069,
  12849,
  307767,
  111156,
  12856,
  12859,
  291384,
  324152,
  242242,
  12867,
  12872,
  242248,
  12880,
  291409,
  275027,
  12890,
  78429,
  291419,
  111198,
  291428,
  45665,
  193123,
  324193,
  209508,
  62057,
  225897,
  78447,
  258668,
  258674,
  258673,
  324214,
  12915,
  127604,
  307825,
  225909,
  78457,
  176762,
  242299,
  242297,
  12923,
  111229,
  209538,
  144006,
  12935,
  209547,
  127624,
  258698,
  78474,
  209565,
  12959,
  242339,
  275108,
  324263,
  258733,
  94894,
  258737,
  324273,
  12983,
  12986,
  225977,
  127680,
  225990,
  225995,
  78541,
  127693,
  275144,
  127692,
  291529,
  78543,
  45777,
  307926,
  144081,
  45782,
  226015,
  45793,
  226017,
  209639,
  307936,
  193254,
  111332,
  242411,
  242415,
  291563,
  324343,
  209654,
  144116,
  209653,
  258811,
  209657,
  13051,
  45825,
  94976,
  111360,
  324359,
  291585,
  13062,
  13070,
  258828,
  127762,
  193297,
  324368,
  111383,
  13081,
  160539,
  127771,
  144159,
  111390,
  193315,
  144160,
  258849,
  13093,
  226085,
  62250,
  45867,
  242485,
  62263,
  13112,
  324414,
  308030,
  29501,
  13119,
  127806,
  258876,
  13120,
  209730,
  209735,
  258891,
  209738,
  258890,
  95050,
  242508,
  275275,
  242513,
  127831,
  193364,
  275283,
  160602,
  176987,
  324446,
  242526,
  275290,
  275291,
  209760,
  226144,
  13157,
  291682,
  242539,
  324461,
  275304,
  78700,
  13166,
  324458,
  13167,
  144243,
  144241,
  193398,
  13179,
  127868,
  242557,
  29567,
  258946,
  193412,
  324483,
  62346,
  324495,
  258959,
  308104,
  144271,
  193420,
  13199,
  13204,
  193432,
  242591,
  62368,
  160675,
  29603,
  275367,
  13220,
  160679,
  45990,
  209829,
  258980,
  144297,
  13228,
  308148,
  13235,
  324530,
  160693,
  209844,
  324531,
  275384,
  177087,
  29630,
  308154,
  291781,
  127947,
  324554,
  13263,
  177105,
  291792,
  111574,
  242644,
  324573,
  209886,
  95198,
  13280,
  209895,
  275424,
  127975,
  13287,
  308195,
  242665,
  242669,
  259052,
  308214,
  111602,
  242672,
  29685,
  324604,
  209918,
  13310,
  160764,
  160778,
  177163,
  209930,
  291849,
  291868,
  275487,
  144413,
  29734,
  193576,
  13356,
  111661,
  177199,
  291892,
  29747,
  46133,
  144442,
  259130,
  324671,
  259128,
  13372,
  324664,
  259134,
  275524,
  177217,
  78918,
  242762,
  111690,
  291919,
  242764,
  291925,
  160848,
  210004,
  226388,
  46168,
  111706,
  95325,
  324696,
  177250,
  78947,
  291942,
  111714,
  144486,
  13414,
  291938,
  308323,
  226411,
  13418,
  226409,
  324719,
  226414,
  95342,
  324715,
  128118,
  144506,
  111741,
  275589,
  210055,
  324737,
  308355,
  210058,
  259209,
  177299,
  291991,
  324759,
  46228,
  275612,
  259226,
  275615,
  275609,
  308377,
  210083,
  308389,
  177312,
  79010,
  308391,
  177318,
  324768,
  177319,
  259243,
  308396,
  324782,
  324777,
  324784,
  13494,
  128182,
  292030,
  210104,
  177345,
  13510,
  308418,
  193733,
  13512,
  13514,
  226510,
  324820,
  292053,
  29905,
  308439,
  292048,
  144597,
  292057,
  242908,
  292068,
  324836,
  29921,
  95456,
  226535,
  292066,
  128230,
  177381,
  259311,
  324841,
  226541,
  177389,
  226547,
  13554,
  13559,
  128248,
  193785,
  13564,
  324858,
  210177,
  292096,
  193799,
  324866,
  292117,
  324886,
  259344,
  324887,
  95509,
  144663,
  308499,
  128281,
  324893,
  161048,
  242972,
  210210,
  13602,
  210215,
  259367,
  226597,
  308514,
  161061,
  292140,
  62762,
  242985,
  79146,
  111919,
  259373,
  324907,
  259377,
  243001,
  95546,
  210232,
  193854,
  292152,
  292160,
  324943,
  243023,
  226638,
  226636,
  210259,
  46420,
  308561,
  226651,
  292189,
  324957,
  95581,
  210271,
  308569,
  30045,
  259422,
  161116,
  226652,
  259426,
  13668,
  161128,
  13675,
  308584,
  30063,
  275819,
  193904,
  79227,
  324998,
  210311,
  46472,
  308622,
  325006,
  62860,
  308616,
  112012,
  259470,
  259469,
  95634,
  46484,
  292240,
  193943,
  210324,
  243092,
  259476,
  325020,
  325022,
  193949,
  275877,
  30115,
  275873,
  210344,
  79274,
  325039,
  325033,
  95663,
  308650,
  161202,
  243123,
  112050,
  325047,
  292275,
  292284,
  308669,
  193982,
  243133,
  112066,
  13766,
  177610,
  275915,
  325077,
  325072,
  275922,
  144857,
  13788,
  128480,
  177633,
  62948,
  275936,
  292322,
  46567,
  62957,
  210414,
  308713,
  46574,
  30194,
  308726,
  275952,
  161270,
  325106,
  177653,
  308735,
  275962,
  194050,
  259587,
  325125,
  243201,
  13828,
  226822,
  243210,
  259593,
  325135,
  325131,
  79377,
  112151,
  275987,
  325148,
  177689,
  194073,
  63005,
  112156,
  144925,
  13856,
  325157,
  226848,
  13861,
  243238,
  325155,
  13866,
  276015,
  243247,
  177708,
  210481,
  243249,
  226864,
  194101,
  308796,
  276030,
  46653,
  210494,
  292411,
  325190,
  292418,
  128586,
  325192,
  308810,
  63055,
  325204,
  210514,
  292445,
  144984,
  13914,
  325215,
  276058,
  46687,
  308836,
  194144,
  292454,
  210535,
  325228,
  30314,
  259689,
  194159,
  226925,
  210541,
  325227,
  161394,
  325236,
  308853,
  30327,
  30328,
  194170,
  276092,
  63097,
  30332,
  308856,
  276089,
  259708,
  325243,
  30337,
  276110,
  276106,
  308874,
  13967,
  226963,
  243347,
  325268,
  325271,
  292497,
  325265,
  276115,
  308883,
  210589,
  63136,
  226977,
  325286,
  292514,
  325292,
  210601,
  276136,
  292530,
  325299,
  14008,
  46780,
  325304,
  30398,
  292548,
  243394,
  14018,
  243399,
  161479,
  276162,
  210628,
  292559,
  112334,
  325332,
  194258,
  325333,
  243409,
  276190,
  194264,
  14043,
  128732,
  194268,
  227037,
  292580,
  243424,
  325347,
  177893,
  161512,
  259817,
  276207,
  243439,
  63214,
  30447,
  227058,
  14067,
  210672,
  325360,
  308979,
  292604,
  161531,
  14078,
  63232,
  14082,
  194304,
  292614,
  308998,
  96002,
  210688,
  227079,
  292610,
  292620,
  325390,
  128781,
  259855,
  210701,
  259853,
  309003,
  259858,
  227089,
  325392,
  292625,
  227093,
  194330,
  227099,
  325404,
  325405,
  30491,
  177945,
  259864,
  227103,
  243484,
  325412,
  276256,
  259878,
  325410,
  276271,
  259891,
  309044,
  243505,
  259888,
  227127,
  259894,
  161594,
  14137,
  292670,
  177977,
  177982,
  210749,
  14142,
  325434,
  14143,
  30527,
  210752,
  14150,
  210757,
  276290,
  194382,
  14157,
  14159,
  325451,
  292693,
  325456,
  112468,
  309085,
  145241,
  227167,
  79708,
  243549,
  325477,
  325478,
  178017,
  243552,
  194414,
  276340,
  227185,
  276342,
  276339,
  325491,
  30585,
  30586,
  14203,
  309125,
  309120,
  210823,
  227207,
  63367,
  292739,
  325507,
  325516,
  112520,
  96141,
  309128,
  210830,
  128912,
  145302,
  63382,
  259989,
  63385,
  309150,
  309151,
  79778,
  145319,
  47014,
  14247,
  161701,
  227236,
  128937,
  128936,
  112555,
  194476,
  309163,
  30645,
  309169,
  292786,
  30648,
  325565,
  227257,
  14267,
  325561,
  243645,
  96197,
  243658,
  309197,
  227278,
  14287,
  145357,
  30672,
  309205,
  260049,
  14293,
  63448,
  14297,
  161758,
  325595,
  79843,
  128994,
  227301,
  128998,
  145381,
  243690,
  292846,
  325615,
  292842,
  30707,
  325617,
  325630,
  227327,
  243713,
  243712,
  161798,
  30725,
  79880,
  325646,
  47116,
  14350,
  276491,
  309259,
  325654,
  325655,
  14357,
  63509,
  243732,
  194585,
  14366,
  260125,
  260130,
  227361,
  227367,
  145444,
  14376,
  292911,
  14380,
  145462,
  14390,
  194619,
  161848,
  276543,
  309304,
  325688,
  260161,
  325702,
  14404,
  30788,
  30789,
  276545,
  325697,
  14406,
  145477,
  325704,
  14423,
  243802,
  292957,
  145507,
  161888,
  325734,
  14436,
  79975,
  292962,
  227428,
  260201,
  14443,
  227436,
  292981,
  325751,
  243831,
  14453,
  309373,
  292985,
  211069,
  276603,
  227457,
  227456,
  14473,
  309389,
  325774,
  14479,
  260236,
  194706,
  276629,
  194704,
  293014,
  227472,
  14483,
  63635,
  80021,
  243863,
  309392,
  14486,
  227483,
  276638,
  194713,
  309400,
  325785,
  325797,
  14500,
  276655,
  293032,
  325800,
  112812,
  276650,
  276656,
  309425,
  260277,
  211125,
  161978,
  178361,
  227517,
  276677,
  276678,
  178375,
  14539,
  178382,
  276680,
  30925,
  260301,
  178387,
  309461,
  325845,
  309456,
  14550,
  63702,
  309468,
  194776,
  293086,
  80090,
  325855,
  145630,
  325848,
  211166,
  162022,
  243942,
  276705,
  293090,
  325858,
  178409,
  47341,
  14575,
  30961,
  63729,
  309493,
  325877,
  325872,
  227572,
  194810,
  227578,
  276728,
  47362,
  325894,
  211206,
  293122,
  194828,
  260364,
  14611,
  96530,
  211222,
  14616,
  14619,
  129306,
  178457,
  227608,
  243996,
  227619,
  129314,
  325921,
  112936,
  325929,
  309557,
  14646,
  227642,
  162105,
  309563,
  63812,
  309569,
  260420,
  325955,
  244046,
  309577,
  325961,
  276810,
  293194,
  14673,
  211281,
  325975,
  178518,
  309584,
  47446,
  227668,
  194907,
  14682,
  14683,
  325983,
  14684,
  325977,
  80229,
  309600,
  293217,
  293219,
  309612,
  14699,
  309609,
  244076,
  14707,
  276848,
  276851,
  96632,
  309629,
  14715,
  260476,
  162177,
  260480,
  293248,
  14725,
  244102,
  326018,
  145797,
  276876,
  227722,
  96650,
  227720,
  260495,
  96658,
  113048,
  96666,
  293274,
  63906,
  14758,
  129451,
  211369,
  14763,
  47531,
  326058,
  276918,
  260528,
  293303,
  244149,
  162234,
  293310,
  276935,
  227780,
  326095,
  293320,
  227795,
  195027,
  14806,
  113111,
  260564,
  276954,
  211426,
  276960,
  309728,
  326115,
  326124,
  227818,
  195052,
  276980,
  260593,
  80370,
  80372,
  309746,
  326131,
  14843,
  276984,
  47612,
  260605,
  309755,
  14848,
  309767,
  260613,
  96777,
  195082,
  227850,
  64011,
  293386,
  293398,
  14867,
  326163,
  145944,
  326169,
  244253,
  326180,
  227873,
  211488,
  129575,
  244261,
  80425,
  14889,
  14894,
  309803,
  211507,
  244275,
  260657,
  309808,
  96822,
  309811,
  14906,
  227901,
  113217,
  326213,
  14913,
  195136,
  14915,
  96836,
  326210,
  326222,
  277064,
  14925,
  47694,
  244301,
  211532,
  14928,
  162387,
  129618,
  326227,
  96856,
  47705,
  14939,
  178777,
  211544,
  293464,
  260702,
  14945,
  244322,
  146016,
  326242,
  146027,
  211566,
  14958,
  326251,
  14961,
  113267,
  260727,
  227958,
  178804,
  309884,
  14969,
  195192,
  244351,
  309881,
  146044,
  244352,
  326279,
  113288,
  309903,
  260748,
  211602,
  96915,
  96914,
  326291,
  227995,
  244386,
  244385,
  277159,
  277167,
  15021,
  326315,
  195250,
  211635,
  309940,
  326324,
  64178,
  244405,
  326323,
  293564,
  293565,
  277177,
  211650,
  244417,
  211648,
  96962,
  277187,
  244427,
  15050,
  277192,
  244435,
  178899,
  277205,
  326357,
  244433,
  309974,
  15059,
  80599,
  326354,
  47833,
  260825,
  228057,
  293598,
  31453,
  293593,
  15071,
  64225,
  211681,
  260832,
  326370,
  129768,
  195310,
  47853,
  97013,
  260855,
  277232,
  293616,
  260854,
  244469,
  293619,
  228094,
  326395,
  195328,
  211713,
  260864,
  277255,
  211717,
  15111,
  64263,
  178953,
  293640,
  326408,
  326423,
  211734,
  178967,
  195348,
  211738,
  326431,
  310040,
  15134,
  277284,
  326439,
  293664,
  244517,
  326434,
  277292,
  326444,
  15146,
  326443,
  260912,
  211767,
  310077,
  195387,
  293694,
  326462,
  228152,
  15164,
  228158,
  326470,
  326471,
  15173,
  64328,
  326476,
  326477,
  179024,
  244565,
  113494,
  211800,
  293727,
  15197,
  277339,
  310117,
  15203,
  310119,
  326503,
  244583,
  211813,
  310114,
  15207,
  326508,
  277359,
  15215,
  64369,
  15218,
  97141,
  179062,
  146292,
  211829,
  293753,
  129918,
  195458,
  293764,
  15233,
  31617,
  97152,
  260992,
  228229,
  293775,
  293768,
  195469,
  113563,
  15259,
  277412,
  326564,
  228258,
  326567,
  179115,
  326574,
  80810,
  326569,
  31665,
  310192,
  195508,
  211897,
  31675,
  97212,
  179133,
  326597,
  310220,
  48074,
  261065,
  228296,
  310217,
  261069,
  326603,
  130000,
  326613,
  15314,
  310230,
  195540,
  195541,
  211928,
  15324,
  277466,
  310234,
  80864,
  261099,
  211946,
  228328,
  15340,
  326632,
  293865,
  228341,
  228345,
  162815,
  146428,
  228348,
  310267,
  113665,
  293893,
  146437,
  130060,
  244748,
  326667,
  261138,
  179227,
  310301,
  15387,
  261144,
  293919,
  310297,
  326682,
  310299,
  244775,
  15397,
  113700,
  310316,
  277549,
  31790,
  179245,
  326708,
  15409,
  15411,
  326707,
  48188,
  326715,
  64578,
  130116,
  212038,
  179274,
  326732,
  293967,
  212045,
  326737,
  15446,
  228441,
  15455,
  310363,
  31840,
  64610,
  293990,
  310375,
  326752,
  113768,
  261225,
  31852,
  130157,
  81004,
  212078,
  113777,
  212087,
  310384,
  130164,
  310386,
  326770,
  261236,
  31866,
  277630,
  146558,
  195710,
  326778,
  15496,
  97418,
  326799,
  64651,
  212118,
  294044,
  146587,
  195736,
  294053,
  48296,
  326829,
  113835,
  195752,
  294056,
  15533,
  31917,
  310443,
  15539,
  15540,
  277680,
  326832,
  64697,
  212154,
  277693,
  212153,
  113850,
  294079,
  228541,
  228547,
  326849,
  228549,
  261321,
  228552,
  277706,
  228563,
  326869,
  294098,
  244957,
  261346,
  64744,
  228586,
  195817,
  294121,
  64753,
  228593,
  310518,
  113906,
  294135,
  179451,
  277759,
  195838,
  48384,
  294148,
  212226,
  146689,
  310529,
  244997,
  310530,
  113926,
  163083,
  326926,
  15627,
  326927,
  195854,
  245010,
  261393,
  179477,
  228635,
  245017,
  113946,
  277785,
  277786,
  326948,
  195872,
  113956,
  212265,
  32043,
  310571,
  15664,
  163120,
  326966,
  294194,
  261429,
  81209,
  294205,
  326973,
  97594,
  64828,
  294202,
  310586,
  32063,
  277829,
  294214,
  245056,
  326983,
  81221,
  195910,
  245063,
  212294,
  97607,
  294210,
  15687,
  81222,
  195914,
  179529,
  294217,
  15693,
  212302,
  294229,
  32082,
  212311,
  64853,
  81238,
  32088,
  277853,
  327006,
  146776,
  327002,
  146781,
  277856,
  212324,
  277871,
  294248,
  114030,
  64881,
  310641,
  228725,
  261493,
  294259,
  245113,
  228728,
  48509,
  277883,
  48517,
  310657,
  15752,
  245129,
  310670,
  327048,
  245133,
  146829,
  212364,
  310667,
  114065,
  327061,
  212374,
  15766,
  310674,
  327068,
  327069,
  146840,
  212382,
  310681,
  327065,
  81312,
  327077,
  245156,
  228778,
  228776,
  15789,
  327082,
  15793,
  245170,
  212400,
  97719,
  228795,
  228792,
  130493,
  277946,
  114112,
  163269,
  294348,
  15817,
  277966,
  294345,
  48590,
  310731,
  196051,
  32210,
  15827,
  130516,
  294354,
  327123,
  146904,
  212441,
  310750,
  146910,
  228831,
  327128,
  310747,
  228835,
  48609,
  245218,
  327143,
  245220,
  294383,
  196080,
  310769,
  146932,
  179704,
  310783,
  163328,
  65028,
  163338,
  97800,
  179727,
  196111,
  245261,
  261652,
  179738,
  310812,
  327198,
  196126,
  15901,
  212510,
  310817,
  278050,
  15912,
  294442,
  179757,
  278068,
  228912,
  261680,
  245303,
  294449,
  81463,
  130623,
  261699,
  310853,
  212545,
  15939,
  294471,
  15944,
  196170,
  327245,
  310859,
  245328,
  130645,
  196181,
  294495,
  179806,
  179810,
  245347,
  212577,
  310882,
  245352,
  278127,
  310889,
  196204,
  245356,
  228979,
  97904,
  310902,
  212592,
  245366,
  261749,
  294525,
  245368,
  294521,
  16000,
  16002,
  81541,
  228999,
  261767,
  294543,
  114319,
  229005,
  261778,
  196240,
  278167,
  327312,
  278161,
  310929,
  16023,
  245403,
  229018,
  245400,
  229025,
  327328,
  147111,
  261803,
  229034,
  48812,
  179887,
  163500,
  327348,
  327349,
  294582,
  278199,
  310960,
  261813,
  147125,
  212660,
  327358,
  97981,
  130748,
  65216,
  310982,
  261831,
  32455,
  196298,
  229065,
  245448,
  179919,
  229070,
  310985,
  327370,
  65232,
  196306,
  294612,
  196310,
  327389,
  327385,
  278233,
  245469,
  130784,
  311014,
  229094,
  261862,
  278241,
  48870,
  147179,
  212713,
  311023,
  179950,
  327415,
  311024,
  147190,
  245494,
  212725,
  16128,
  32513,
  261889,
  278272,
  212742,
  32518,
  179982,
  327432,
  114449,
  65301,
  196382,
  278298,
  311066,
  147235,
  65316,
  180007,
  212774,
  229158,
  327458,
  180005,
  311075,
  278316,
  278317,
  48941,
  163631,
  229171,
  311089,
  229172,
  261952,
  327495,
  278336,
  212806,
  327489,
  48967,
  278351,
  212813,
  196429,
  278356,
  327504,
  278353,
  114518,
  311123,
  327516,
  327518,
  294744,
  212829,
  327524,
  229217,
  327520,
  212839,
  261990,
  229225,
  16235,
  16238,
  278378,
  49009,
  311158,
  327537,
  212854,
  327539,
  16249,
  278399,
  114557,
  294778,
  212864,
  278400,
  212871,
  49029,
  262021,
  327554,
  294798,
  327566,
  311178,
  245644,
  327563,
  212882,
  294813,
  229279,
  245660,
  262051,
  327590,
  81826,
  65444,
  180132,
  311203,
  65449,
  327592,
  147372,
  311210,
  16303,
  278452,
  294833,
  327602,
  196533,
  327612,
  262073,
  278463,
  196542,
  245699,
  327622,
  65479,
  245700,
  327631,
  245708,
  311243,
  311252,
  262097,
  65493,
  229333,
  278493,
  294878,
  147423,
  278489,
  327641,
  278490,
  294875,
  245728,
  278503,
  245735,
  229350,
  229353,
  229358,
  212979,
  196593,
  65524,
  180217,
  311295,
  229368,
  278527,
  229373,
  229372
]